timestamp,open,high,low,close,volume
2014-01-01 00:00:00,1001.57,1003.26,1000.12,1002.97,1474482.34
2014-01-02 00:00:00,1000.51,1002.84,998.44,1000.07,1523176.96
2014-01-03 00:00:00,1002.82,1008.48,999.20,1003.05,1352335.68
2014-01-04 00:00:00,1002.08,1004.07,995.84,1002.17,1478735.34
2014-01-05 00:00:00,1005.87,1012.68,1003.62,1006.85,1674680.88
2014-01-06 00:00:00,1008.26,1010.76,1006.27,1009.82,1277355.56
2014-01-07 00:00:00,1013.68,1020.74,1002.20,1012.47,1316837.99
2014-01-08 00:00:00,1017.28,1020.94,1011.40,1018.97,1299559.44
2014-01-09 00:00:00,1020.92,1023.10,1019.46,1022.56,1627682.76
2014-01-10 00:00:00,1025.83,1029.43,1022.92,1024.58,1356525.78
2014-01-11 00:00:00,1025.42,1028.42,1023.42,1030.09,1336141.49
2014-01-12 00:00:00,1029.07,1033.14,1022.38,1030.08,1667163.47
2014-01-13 00:00:00,1036.65,1038.03,1029.96,1035.59,1690579.15
2014-01-14 00:00:00,1033.57,1034.70,1031.56,1032.94,1644726.40
2014-01-15 00:00:00,1037.02,1047.30,1033.54,1035.80,1387640.48
2014-01-16 00:00:00,1035.66,1040.46,1032.39,1035.51,1649860.52
2014-01-17 00:00:00,1035.72,1037.89,1027.35,1033.55,1386452.72
2014-01-18 00:00:00,1037.19,1042.97,1036.12,1037.71,1533593.87
2014-01-19 00:00:00,1043.38,1047.95,1041.28,1041.36,1680677.06
2014-01-20 00:00:00,1044.93,1050.84,1043.81,1048.83,1428224.73
2014-01-21 00:00:00,1056.06,1057.52,1052.99,1053.80,1469793.89
2014-01-22 00:00:00,1060.53,1064.80,1056.78,1055.78,1642192.84
2014-01-23 00:00:00,1059.92,1063.12,1056.41,1059.92,1844975.25
2014-01-24 00:00:00,1059.25,1061.96,1052.80,1058.35,1427149.70
2014-01-25 00:00:00,1061.15,1067.12,1059.27,1058.73,1677039.66
2014-01-26 00:00:00,1061.26,1071.40,1059.14,1064.00,1239347.21
2014-01-27 00:00:00,1066.16,1068.46,1058.18,1062.80,1698123.94
2014-01-28 00:00:00,1067.12,1074.26,1063.28,1067.23,1395670.07
2014-01-29 00:00:00,1066.05,1067.83,1064.28,1070.09,1377795.03
2014-01-30 00:00:00,1073.62,1080.90,1071.04,1074.14,1664792.00
2014-01-31 00:00:00,1081.07,1082.25,1075.60,1081.99,1603397.42
2014-02-01 00:00:00,1086.06,1089.86,1080.52,1086.23,1639964.92
2014-02-02 00:00:00,1092.66,1096.10,1090.52,1096.97,1548740.61
2014-02-03 00:00:00,1098.70,1100.14,1091.77,1098.93,1603875.53
2014-02-04 00:00:00,1105.15,1108.20,1097.24,1105.75,1545946.96
2014-02-05 00:00:00,1106.56,1111.04,1103.13,1104.57,1603643.69
2014-02-06 00:00:00,1106.62,1113.56,1103.81,1106.53,1350943.42
2014-02-07 00:00:00,1110.75,1113.71,1107.44,1111.55,1703012.99
2014-02-08 00:00:00,1112.08,1114.60,1111.07,1116.61,1127539.41
2014-02-09 00:00:00,1121.36,1123.59,1119.96,1125.16,1498285.37
2014-02-10 00:00:00,1134.56,1137.33,1132.16,1133.58,1361862.40
2014-02-11 00:00:00,1136.45,1138.58,1134.64,1132.24,1900493.54
2014-02-12 00:00:00,1134.42,1142.39,1129.39,1135.01,2132988.42
2014-02-13 00:00:00,1135.09,1142.07,1131.90,1136.03,1638668.01
2014-02-14 00:00:00,1142.60,1144.63,1135.19,1141.73,1748044.54
2014-02-15 00:00:00,1145.83,1154.66,1144.69,1148.62,1925309.63
2014-02-16 00:00:00,1153.01,1155.25,1147.05,1151.33,1509383.17
2014-02-17 00:00:00,1155.54,1158.87,1152.63,1153.24,1344443.63
2014-02-18 00:00:00,1152.48,1156.05,1142.23,1151.81,1589975.67
2014-02-19 00:00:00,1159.09,1160.38,1154.09,1158.30,1351119.20
2014-02-20 00:00:00,1158.99,1166.10,1154.01,1159.96,2166053.77
2014-02-21 00:00:00,1162.58,1166.07,1160.35,1162.14,1963234.27
2014-02-22 00:00:00,1169.38,1175.98,1166.78,1170.24,1656636.64
2014-02-23 00:00:00,1168.91,1178.93,1160.29,1168.77,1479359.36
2014-02-24 00:00:00,1172.53,1176.60,1166.63,1168.48,1565837.47
2014-02-25 00:00:00,1172.31,1177.28,1168.15,1171.93,1769852.19
2014-02-26 00:00:00,1174.24,1177.88,1171.16,1173.07,1066852.66
2014-02-27 00:00:00,1176.26,1178.26,1173.81,1174.83,1574360.76
2014-02-28 00:00:00,1182.70,1183.86,1179.67,1181.52,1486048.71
2014-03-01 00:00:00,1180.44,1181.94,1179.20,1184.13,1688694.75
2014-03-02 00:00:00,1189.95,1193.80,1186.27,1187.67,1562392.14
2014-03-03 00:00:00,1191.64,1195.71,1182.65,1192.78,1119454.34
2014-03-04 00:00:00,1197.15,1199.78,1196.14,1198.08,1578106.53
2014-03-05 00:00:00,1194.67,1200.31,1190.58,1197.28,1880630.58
2014-03-06 00:00:00,1205.39,1214.61,1201.31,1201.56,1822720.15
2014-03-07 00:00:00,1205.02,1210.59,1195.98,1206.31,1121770.22
2014-03-08 00:00:00,1209.89,1213.82,1208.45,1208.96,1774698.78
2014-03-09 00:00:00,1207.39,1209.66,1199.13,1205.73,1542129.74
2014-03-10 00:00:00,1209.03,1212.79,1205.44,1209.22,1311246.50
2014-03-11 00:00:00,1217.20,1221.36,1215.53,1215.92,1343127.48
2014-03-12 00:00:00,1222.30,1223.88,1219.46,1221.93,1623281.89
2014-03-13 00:00:00,1224.26,1228.31,1222.53,1225.92,1634476.82
2014-03-14 00:00:00,1228.24,1232.68,1223.48,1226.76,1303102.47
2014-03-15 00:00:00,1232.02,1233.21,1224.74,1236.58,1504844.49
2014-03-16 00:00:00,1234.60,1237.12,1233.30,1231.62,1449901.34
2014-03-17 00:00:00,1235.14,1237.97,1231.06,1233.62,1857336.75
2014-03-18 00:00:00,1235.79,1240.11,1233.30,1237.70,1363062.39
2014-03-19 00:00:00,1241.78,1245.69,1237.79,1244.58,1389903.60
2014-03-20 00:00:00,1250.61,1254.79,1248.03,1253.01,1664475.08
2014-03-21 00:00:00,1255.64,1261.41,1252.39,1254.38,1315223.03
2014-03-22 00:00:00,1255.06,1257.04,1245.57,1255.78,1534781.92
2014-03-23 00:00:00,1256.64,1261.78,1253.19,1255.42,1365996.68
2014-03-24 00:00:00,1260.11,1267.18,1257.78,1258.85,1513975.50
2014-03-25 00:00:00,1262.08,1263.23,1256.54,1262.54,1437001.55
2014-03-26 00:00:00,1261.50,1265.38,1258.38,1264.40,1350509.03
2014-03-27 00:00:00,1267.06,1268.29,1265.71,1267.08,1157092.10
2014-03-28 00:00:00,1272.13,1275.74,1266.61,1276.63,1436206.56
2014-03-29 00:00:00,1279.08,1280.12,1270.31,1275.62,1597153.59
2014-03-30 00:00:00,1273.76,1285.09,1264.68,1271.00,1713805.09
2014-03-31 00:00:00,1270.94,1272.85,1265.29,1272.16,1279607.70
2014-04-01 00:00:00,1278.66,1283.63,1274.60,1278.90,1504942.24
2014-04-02 00:00:00,1285.71,1287.19,1279.87,1284.58,1385443.21
2014-04-03 00:00:00,1289.28,1291.82,1287.80,1291.02,1394300.72
2014-04-04 00:00:00,1293.12,1294.85,1286.01,1292.93,1429840.22
2014-04-05 00:00:00,1292.29,1296.03,1288.94,1292.98,1119678.02
2014-04-06 00:00:00,1298.60,1304.93,1294.49,1300.72,1233105.85
2014-04-07 00:00:00,1302.96,1304.26,1297.97,1305.65,1799755.66
2014-04-08 00:00:00,1302.21,1309.00,1297.97,1299.60,1422272.53
2014-04-09 00:00:00,1302.46,1306.22,1300.56,1302.65,1344653.42
2014-04-10 00:00:00,1308.98,1311.96,1306.62,1307.95,1521264.70
2014-04-11 00:00:00,1309.90,1311.55,1304.84,1311.49,1782808.48
2014-04-12 00:00:00,1314.65,1318.58,1310.30,1316.51,1560671.35
2014-04-13 00:00:00,1319.57,1324.03,1318.30,1317.63,1504769.67
2014-04-14 00:00:00,1314.38,1315.40,1311.72,1316.85,1530255.46
2014-04-15 00:00:00,1322.04,1323.04,1316.95,1319.22,1306053.12
2014-04-16 00:00:00,1317.52,1321.05,1315.69,1318.66,1514686.29
2014-04-17 00:00:00,1324.18,1329.42,1320.60,1323.63,1393434.28
2014-04-18 00:00:00,1321.14,1324.84,1315.39,1321.13,1401361.56
2014-04-19 00:00:00,1326.77,1337.15,1325.06,1327.06,1385828.59
2014-04-20 00:00:00,1333.59,1338.48,1331.55,1333.42,1422395.21
2014-04-21 00:00:00,1334.23,1340.47,1327.71,1336.29,1659633.27
2014-04-22 00:00:00,1335.35,1344.67,1326.43,1335.72,1319155.87
2014-04-23 00:00:00,1335.45,1338.13,1330.80,1335.39,1717728.94
2014-04-24 00:00:00,1333.19,1342.21,1325.92,1330.71,1217271.74
2014-04-25 00:00:00,1332.17,1337.30,1330.12,1327.01,1454259.59
2014-04-26 00:00:00,1334.72,1340.19,1332.63,1331.75,1627647.51
2014-04-27 00:00:00,1333.36,1342.13,1331.54,1332.62,1610054.50
2014-04-28 00:00:00,1333.39,1339.74,1331.18,1333.04,1533263.01
2014-04-29 00:00:00,1336.44,1339.48,1333.75,1339.92,1278440.09
2014-04-30 00:00:00,1347.40,1349.37,1343.33,1352.25,1531004.33
2014-05-01 00:00:00,1358.62,1362.89,1350.90,1358.86,1394936.05
2014-05-02 00:00:00,1357.09,1365.18,1355.68,1358.27,1578133.64
2014-05-03 00:00:00,1359.59,1363.79,1354.65,1358.48,1293388.96
2014-05-04 00:00:00,1360.11,1361.20,1355.52,1359.64,1347935.99
2014-05-05 00:00:00,1361.86,1364.89,1360.15,1362.80,1169597.08
2014-05-06 00:00:00,1363.89,1365.99,1360.32,1360.69,1531835.65
2014-05-07 00:00:00,1366.52,1368.23,1365.14,1367.42,1549423.64
2014-05-08 00:00:00,1371.65,1372.94,1370.04,1370.08,1465912.43
2014-05-09 00:00:00,1376.04,1377.86,1374.37,1375.06,1657437.18
2014-05-10 00:00:00,1374.68,1379.32,1369.93,1372.57,1541187.89
2014-05-11 00:00:00,1375.14,1377.33,1369.89,1374.32,1588598.72
2014-05-12 00:00:00,1373.76,1379.80,1370.23,1374.84,1537575.70
2014-05-13 00:00:00,1374.65,1376.96,1371.64,1374.61,1524748.93
2014-05-14 00:00:00,1372.69,1374.42,1368.93,1370.53,1469062.92
2014-05-15 00:00:00,1367.12,1370.91,1362.71,1367.01,1301243.57
2014-05-16 00:00:00,1366.32,1367.93,1355.63,1366.68,1632886.40
2014-05-17 00:00:00,1367.90,1370.87,1366.17,1368.60,1718830.35
2014-05-18 00:00:00,1370.79,1374.55,1367.95,1371.16,1811240.07
2014-05-19 00:00:00,1372.33,1377.54,1367.85,1368.14,1565958.80
2014-05-20 00:00:00,1366.19,1372.12,1357.28,1363.95,1613682.90
2014-05-21 00:00:00,1362.14,1370.14,1360.43,1361.46,1586438.00
2014-05-22 00:00:00,1365.81,1366.84,1359.62,1365.56,1600051.90
2014-05-23 00:00:00,1365.93,1372.68,1360.52,1365.10,1418154.00
2014-05-24 00:00:00,1367.26,1372.38,1365.21,1366.59,1636426.67
2014-05-25 00:00:00,1375.15,1381.70,1371.46,1372.90,2250411.75
2014-05-26 00:00:00,1371.42,1373.90,1367.62,1374.67,1584048.02
2014-05-27 00:00:00,1372.50,1374.57,1369.31,1371.86,1255962.04
2014-05-28 00:00:00,1371.79,1374.53,1370.70,1370.75,1647044.08
2014-05-29 00:00:00,1370.00,1377.92,1366.04,1372.70,1385368.74
2014-05-30 00:00:00,1381.82,1384.79,1376.16,1380.15,1548674.49
2014-05-31 00:00:00,1378.72,1389.21,1373.75,1380.08,1792025.98
2014-06-01 00:00:00,1381.85,1386.83,1379.76,1382.57,1675150.42
2014-06-02 00:00:00,1384.84,1391.44,1383.67,1383.49,1063352.83
2014-06-03 00:00:00,1383.50,1390.23,1380.15,1387.38,1871750.73
2014-06-04 00:00:00,1387.76,1390.63,1384.01,1389.88,1416252.28
2014-06-05 00:00:00,1391.55,1401.38,1390.12,1390.58,1523982.80
2014-06-06 00:00:00,1394.42,1399.50,1392.42,1392.09,1444347.29
2014-06-07 00:00:00,1399.81,1403.78,1398.44,1397.95,1437718.41
2014-06-08 00:00:00,1403.20,1406.45,1396.40,1400.45,1441990.74
2014-06-09 00:00:00,1407.78,1416.81,1402.03,1404.08,1481984.03
2014-06-10 00:00:00,1405.66,1409.96,1392.05,1401.83,1386796.74
2014-06-11 00:00:00,1404.05,1408.62,1402.16,1401.67,1419745.41
2014-06-12 00:00:00,1401.24,1403.22,1397.92,1404.11,1368716.29
2014-06-13 00:00:00,1405.26,1406.46,1403.08,1405.16,1187564.25
2014-06-14 00:00:00,1408.39,1413.05,1403.56,1405.21,1732200.33
2014-06-15 00:00:00,1406.91,1412.51,1404.82,1403.51,1283260.71
2014-06-16 00:00:00,1407.90,1411.97,1402.54,1407.54,1464606.57
2014-06-17 00:00:00,1406.64,1408.94,1403.72,1401.46,1600532.71
2014-06-18 00:00:00,1401.16,1407.37,1395.56,1398.00,1737524.79
2014-06-19 00:00:00,1395.38,1398.93,1391.99,1394.72,1168905.61
2014-06-20 00:00:00,1397.43,1399.21,1391.30,1398.61,2107142.86
2014-06-21 00:00:00,1395.82,1396.91,1390.56,1398.13,1664367.60
2014-06-22 00:00:00,1402.55,1406.66,1398.57,1398.49,1841900.03
2014-06-23 00:00:00,1402.18,1404.23,1397.45,1403.69,1695052.84
2014-06-24 00:00:00,1400.99,1404.84,1399.21,1401.70,1691446.97
2014-06-25 00:00:00,1400.85,1402.36,1391.03,1402.24,1674112.58
2014-06-26 00:00:00,1404.37,1408.44,1396.15,1404.58,1744795.68
2014-06-27 00:00:00,1404.16,1407.52,1399.54,1402.65,1719624.84
2014-06-28 00:00:00,1402.83,1407.05,1401.83,1406.70,1561830.59
2014-06-29 00:00:00,1411.72,1415.65,1410.41,1409.37,1385778.73
2014-06-30 00:00:00,1414.10,1415.26,1407.30,1413.70,1460412.81
2014-07-01 00:00:00,1419.77,1423.36,1412.69,1422.37,1582837.58
2014-07-02 00:00:00,1418.12,1419.30,1415.51,1421.61,1354201.72
2014-07-03 00:00:00,1422.13,1426.77,1416.91,1420.73,1212815.11
2014-07-04 00:00:00,1419.91,1427.33,1412.92,1416.79,1395768.21
2014-07-05 00:00:00,1417.02,1422.93,1414.11,1416.92,1413604.81
2014-07-06 00:00:00,1417.83,1425.20,1415.87,1418.78,982792.01
2014-07-07 00:00:00,1419.13,1428.81,1416.42,1419.88,1365140.45
2014-07-08 00:00:00,1423.75,1428.85,1420.45,1420.65,1447662.35
2014-07-09 00:00:00,1424.24,1427.39,1422.73,1428.12,1417116.03
2014-07-10 00:00:00,1429.12,1441.16,1421.05,1428.38,1264796.90
2014-07-11 00:00:00,1434.71,1440.65,1433.28,1431.84,1583795.21
2014-07-12 00:00:00,1432.36,1438.04,1427.19,1428.09,1613432.65
2014-07-13 00:00:00,1431.87,1441.07,1429.57,1427.75,1332775.80
2014-07-14 00:00:00,1430.36,1432.78,1425.44,1426.44,1434010.06
2014-07-15 00:00:00,1431.78,1438.96,1423.34,1431.00,1719521.05
2014-07-16 00:00:00,1438.58,1444.37,1434.69,1440.24,1342023.14
2014-07-17 00:00:00,1438.36,1443.29,1435.97,1438.30,1384255.99
2014-07-18 00:00:00,1439.60,1441.53,1434.52,1439.74,1549210.98
2014-07-19 00:00:00,1442.01,1445.98,1437.86,1445.75,1379751.41
2014-07-20 00:00:00,1451.97,1456.53,1440.36,1450.45,1372831.94
2014-07-21 00:00:00,1455.33,1457.09,1452.44,1456.61,1320216.66
2014-07-22 00:00:00,1456.92,1462.81,1455.24,1456.68,1534241.07
2014-07-23 00:00:00,1457.08,1461.70,1452.41,1460.17,1642261.58
2014-07-24 00:00:00,1463.32,1467.01,1459.88,1462.02,1757877.07
2014-07-25 00:00:00,1469.79,1478.70,1468.65,1470.44,1583271.78
2014-07-26 00:00:00,1473.07,1476.55,1471.58,1472.68,1851796.43
2014-07-27 00:00:00,1475.83,1477.10,1471.31,1476.13,1558324.45
2014-07-28 00:00:00,1478.62,1484.50,1477.50,1476.35,1542030.25
2014-07-29 00:00:00,1475.51,1480.17,1471.51,1476.07,1479973.22
2014-07-30 00:00:00,1480.04,1488.90,1474.65,1479.74,1569051.89
2014-07-31 00:00:00,1482.25,1487.27,1480.72,1481.35,1286280.59
2014-08-01 00:00:00,1485.10,1486.94,1479.32,1486.44,1646934.27
2014-08-02 00:00:00,1490.19,1494.57,1485.45,1487.25,2075802.50
2014-08-03 00:00:00,1486.83,1488.67,1484.39,1486.27,1383189.90
2014-08-04 00:00:00,1483.51,1488.50,1476.94,1483.25,1363160.12
2014-08-05 00:00:00,1484.06,1485.92,1480.73,1485.92,1422764.04
2014-08-06 00:00:00,1489.49,1495.79,1485.86,1488.68,1581751.62
2014-08-07 00:00:00,1492.59,1494.28,1490.72,1491.81,1769221.95
2014-08-08 00:00:00,1497.56,1500.49,1491.84,1495.36,1367227.69
2014-08-09 00:00:00,1497.60,1500.39,1493.01,1499.95,1500718.97
2014-08-10 00:00:00,1496.91,1499.81,1485.57,1495.40,1390174.43
2014-08-11 00:00:00,1496.59,1498.89,1494.02,1495.41,1800499.38
2014-08-12 00:00:00,1502.10,1507.67,1496.08,1498.86,1337077.57
2014-08-13 00:00:00,1506.51,1516.47,1503.21,1504.00,1471199.98
2014-08-14 00:00:00,1506.56,1514.35,1502.32,1506.43,1625403.96
2014-08-15 00:00:00,1508.80,1513.09,1507.57,1508.99,1676811.09
2014-08-16 00:00:00,1509.32,1512.12,1507.03,1508.99,1462943.95
2014-08-17 00:00:00,1512.12,1515.91,1507.93,1513.01,1280979.98
2014-08-18 00:00:00,1519.72,1521.59,1513.61,1520.29,1533455.72
2014-08-19 00:00:00,1525.82,1531.45,1523.35,1524.40,1378803.69
2014-08-20 00:00:00,1524.74,1528.72,1522.60,1524.77,1401728.60
2014-08-21 00:00:00,1525.86,1528.25,1522.85,1523.78,1469665.03
2014-08-22 00:00:00,1526.32,1531.60,1522.01,1528.01,1508178.74
2014-08-23 00:00:00,1531.77,1534.88,1530.65,1533.55,1831201.70
2014-08-24 00:00:00,1537.19,1539.95,1532.70,1536.51,1274339.10
2014-08-25 00:00:00,1542.66,1549.93,1534.50,1544.40,1537538.23
2014-08-26 00:00:00,1548.01,1556.02,1543.23,1545.69,1380372.82
2014-08-27 00:00:00,1548.40,1553.42,1546.78,1548.67,1337228.57
2014-08-28 00:00:00,1557.00,1563.57,1550.89,1557.75,1458503.42
2014-08-29 00:00:00,1562.56,1566.03,1557.42,1561.26,1363280.94
2014-08-30 00:00:00,1566.42,1569.34,1562.38,1567.60,1708119.27
2014-08-31 00:00:00,1573.92,1578.06,1569.84,1572.88,1447623.17
2014-09-01 00:00:00,1571.04,1573.21,1567.35,1571.85,1605496.82
2014-09-02 00:00:00,1571.47,1576.53,1569.07,1570.44,1533404.04
2014-09-03 00:00:00,1570.68,1571.87,1562.93,1566.37,1643332.73
2014-09-04 00:00:00,1566.20,1569.44,1559.53,1563.39,1420228.69
2014-09-05 00:00:00,1565.93,1570.87,1563.14,1565.41,1651536.71
2014-09-06 00:00:00,1572.57,1575.22,1569.95,1574.61,1853704.33
2014-09-07 00:00:00,1580.44,1588.52,1575.73,1582.14,1281962.70
2014-09-08 00:00:00,1582.68,1583.87,1575.00,1581.49,1673467.48
2014-09-09 00:00:00,1583.41,1586.54,1577.00,1582.42,1704688.09
2014-09-10 00:00:00,1586.99,1589.15,1579.17,1589.59,1324628.62
2014-09-11 00:00:00,1597.52,1600.98,1596.45,1597.55,1714608.05
2014-09-12 00:00:00,1598.18,1600.99,1595.08,1599.80,1457922.84
2014-09-13 00:00:00,1606.86,1610.71,1601.27,1607.56,1219983.42
2014-09-14 00:00:00,1612.87,1614.59,1610.45,1611.40,1451961.41
2014-09-15 00:00:00,1611.19,1618.95,1605.68,1609.87,1728979.81
2014-09-16 00:00:00,1615.77,1619.65,1608.71,1615.15,1290701.02
2014-09-17 00:00:00,1621.87,1626.05,1619.56,1619.34,1747830.11
2014-09-18 00:00:00,1625.28,1631.78,1621.16,1622.40,1403473.91
2014-09-19 00:00:00,1623.29,1626.84,1618.95,1622.06,1644852.79
2014-09-20 00:00:00,1627.23,1630.75,1621.86,1626.49,1515978.94
2014-09-21 00:00:00,1632.42,1640.25,1627.83,1635.19,1703792.94
2014-09-22 00:00:00,1642.72,1650.86,1638.19,1643.14,1510842.87
2014-09-23 00:00:00,1645.95,1648.66,1643.29,1647.63,1200442.88
2014-09-24 00:00:00,1652.72,1655.96,1647.91,1653.50,1434256.43
2014-09-25 00:00:00,1655.99,1660.06,1653.86,1655.97,1281671.92
2014-09-26 00:00:00,1657.94,1659.67,1655.32,1655.84,1597621.32
2014-09-27 00:00:00,1657.90,1669.81,1653.14,1656.32,1538800.67
2014-09-28 00:00:00,1658.18,1662.49,1649.97,1657.40,1534554.21
2014-09-29 00:00:00,1660.45,1661.45,1653.72,1662.24,1319155.01
2014-09-30 00:00:00,1671.51,1677.16,1668.57,1670.19,1513141.51
2014-10-01 00:00:00,1672.48,1675.35,1670.21,1668.01,1685240.61
2014-10-02 00:00:00,1673.28,1678.60,1671.74,1673.66,1723065.23
2014-10-03 00:00:00,1679.56,1681.71,1665.70,1679.22,1533837.15
2014-10-04 00:00:00,1689.20,1693.42,1684.03,1686.33,1606732.49
2014-10-05 00:00:00,1693.02,1696.98,1686.60,1695.03,1739453.18
2014-10-06 00:00:00,1699.58,1700.71,1695.88,1700.31,1628393.93
2014-10-07 00:00:00,1701.93,1703.63,1696.08,1703.19,1606043.29
2014-10-08 00:00:00,1707.80,1709.99,1700.58,1709.52,1406545.79
2014-10-09 00:00:00,1714.85,1720.31,1710.82,1717.24,1524815.06
2014-10-10 00:00:00,1722.30,1725.53,1716.31,1723.49,1512301.89
2014-10-11 00:00:00,1731.61,1733.47,1729.15,1732.35,1488126.44
2014-10-12 00:00:00,1733.87,1735.64,1727.80,1733.68,1325908.01
2014-10-13 00:00:00,1740.90,1749.32,1731.42,1740.89,1536185.05
2014-10-14 00:00:00,1746.66,1751.23,1745.06,1743.87,1543912.46
2014-10-15 00:00:00,1744.16,1745.76,1742.11,1740.65,1395499.41
2014-10-16 00:00:00,1748.18,1755.38,1741.17,1748.86,1252810.13
2014-10-17 00:00:00,1750.03,1757.42,1746.36,1748.42,1543805.53
2014-10-18 00:00:00,1755.59,1757.31,1745.60,1756.80,901403.68
2014-10-19 00:00:00,1761.20,1765.14,1759.38,1761.22,1369771.41
2014-10-20 00:00:00,1763.27,1769.72,1759.88,1761.93,1635929.93
2014-10-21 00:00:00,1769.29,1775.36,1764.07,1770.85,1378442.33
2014-10-22 00:00:00,1779.67,1781.44,1769.59,1779.75,1143167.50
2014-10-23 00:00:00,1784.49,1785.72,1781.88,1781.51,1276854.22
2014-10-24 00:00:00,1784.41,1786.40,1778.25,1785.82,1405560.95
2014-10-25 00:00:00,1795.10,1801.57,1791.36,1794.75,1547264.96
2014-10-26 00:00:00,1802.15,1805.87,1797.95,1802.13,1982359.78
2014-10-27 00:00:00,1806.73,1812.81,1803.15,1804.39,1772124.45
2014-10-28 00:00:00,1806.75,1816.68,1802.34,1808.89,1510405.13
2014-10-29 00:00:00,1813.68,1821.01,1809.83,1812.37,1646306.60
2014-10-30 00:00:00,1814.24,1817.47,1809.03,1809.84,1264541.49
2014-10-31 00:00:00,1819.14,1824.53,1815.94,1816.81,1673121.44
2014-11-01 00:00:00,1822.48,1825.44,1821.05,1820.13,1305211.44
2014-11-02 00:00:00,1828.33,1829.56,1824.24,1822.01,1722021.75
2014-11-03 00:00:00,1826.24,1835.93,1823.20,1826.30,1632075.53
2014-11-04 00:00:00,1829.41,1833.90,1825.83,1831.99,1658641.25
2014-11-05 00:00:00,1839.24,1843.14,1837.40,1839.84,1093331.45
2014-11-06 00:00:00,1843.98,1848.74,1837.91,1846.54,1374336.96
2014-11-07 00:00:00,1853.33,1858.92,1850.39,1854.26,1727274.79
2014-11-08 00:00:00,1864.16,1870.18,1862.33,1861.71,1764753.02
2014-11-09 00:00:00,1863.67,1866.43,1859.72,1864.56,1818613.08
2014-11-10 00:00:00,1870.44,1878.20,1868.34,1870.79,1429878.19
2014-11-11 00:00:00,1880.95,1882.94,1874.20,1881.88,1270462.96
2014-11-12 00:00:00,1892.92,1895.01,1886.31,1895.08,1973849.31
2014-11-13 00:00:00,1895.04,1899.65,1892.10,1895.39,1568665.68
2014-11-14 00:00:00,1902.86,1906.63,1896.21,1900.16,1891712.67
2014-11-15 00:00:00,1910.75,1916.50,1909.73,1913.59,1401801.11
2014-11-16 00:00:00,1919.14,1921.75,1913.47,1917.93,1498034.88
2014-11-17 00:00:00,1925.60,1927.43,1921.14,1922.92,1196348.71
2014-11-18 00:00:00,1925.46,1933.34,1921.55,1926.06,1510819.07
2014-11-19 00:00:00,1929.68,1934.75,1924.71,1926.90,1252824.48
2014-11-20 00:00:00,1935.16,1941.78,1934.10,1933.93,1985588.90
2014-11-21 00:00:00,1934.68,1936.45,1932.34,1933.13,1563042.59
2014-11-22 00:00:00,1939.76,1945.03,1937.05,1940.54,1761893.94
2014-11-23 00:00:00,1944.88,1951.77,1943.10,1940.93,1604619.16
2014-11-24 00:00:00,1946.88,1951.41,1942.15,1945.94,1703377.12
2014-11-25 00:00:00,1951.90,1955.90,1948.18,1952.85,1293591.31
2014-11-26 00:00:00,1961.84,1962.92,1952.83,1962.79,1650225.25
2014-11-27 00:00:00,1966.75,1969.37,1965.36,1964.41,1265944.53
2014-11-28 00:00:00,1970.34,1971.65,1968.53,1972.58,1419932.53
2014-11-29 00:00:00,1980.90,1982.47,1979.12,1981.41,1086454.35
2014-11-30 00:00:00,1987.90,1991.45,1983.18,1984.13,1411421.78
2014-12-01 00:00:00,1984.80,1989.28,1982.84,1981.44,1365295.03
2014-12-02 00:00:00,1990.02,1993.40,1987.90,1989.29,1474344.78
2014-12-03 00:00:00,1990.52,1991.70,1987.29,1996.43,1457398.32
2014-12-04 00:00:00,2001.41,2006.36,1999.78,2001.91,1325176.81
2014-12-05 00:00:00,2012.94,2016.45,2010.44,2015.20,1439099.02
2014-12-06 00:00:00,2021.57,2024.92,2017.84,2019.39,1536296.65
2014-12-07 00:00:00,2022.94,2026.92,2019.34,2025.37,1819315.47
2014-12-08 00:00:00,2039.58,2040.80,2035.21,2037.64,1821496.16
2014-12-09 00:00:00,2039.42,2041.69,2036.16,2042.92,1297331.18
2014-12-10 00:00:00,2052.64,2058.89,2050.97,2053.57,1192257.13
2014-12-11 00:00:00,2059.72,2061.58,2048.40,2060.55,1571033.28
2014-12-12 00:00:00,2061.90,2068.55,2057.90,2060.84,1438726.82
2014-12-13 00:00:00,2064.40,2069.43,2062.17,2063.45,1478639.88
2014-12-14 00:00:00,2069.20,2072.03,2067.58,2070.92,1520599.71
2014-12-15 00:00:00,2080.04,2086.03,2073.20,2081.88,1856564.43
2014-12-16 00:00:00,2085.42,2086.54,2082.99,2086.30,1603998.37
2014-12-17 00:00:00,2090.75,2097.00,2086.32,2090.47,1704718.46
2014-12-18 00:00:00,2102.79,2105.84,2098.66,2103.23,1183511.27
2014-12-19 00:00:00,2106.83,2112.65,2103.81,2105.99,1505589.76
2014-12-20 00:00:00,2116.29,2118.98,2104.68,2115.81,1657850.58
2014-12-21 00:00:00,2123.52,2130.54,2121.00,2125.21,1825814.55
2014-12-22 00:00:00,2129.51,2130.81,2126.50,2128.65,1324951.19
2014-12-23 00:00:00,2140.61,2142.53,2132.68,2139.60,1458582.22
2014-12-24 00:00:00,2148.46,2150.28,2143.86,2147.02,1554534.47
2014-12-25 00:00:00,2151.49,2152.84,2141.46,2150.37,1463937.65
2014-12-26 00:00:00,2155.31,2160.28,2150.77,2155.45,1797411.91
2014-12-27 00:00:00,2157.72,2159.82,2152.81,2158.39,1481248.52
2014-12-28 00:00:00,2163.50,2164.55,2162.09,2159.13,1356843.35
2014-12-29 00:00:00,2159.74,2165.90,2155.45,2158.16,1660975.55
2014-12-30 00:00:00,2171.96,2175.46,2165.77,2172.69,1452660.16
2014-12-31 00:00:00,2175.82,2179.05,2173.24,2171.19,1606092.37
2015-01-01 00:00:00,2176.68,2179.51,2174.00,2182.67,1168543.07
2015-01-02 00:00:00,2186.31,2190.13,2175.88,2184.33,1865842.98
2015-01-03 00:00:00,2188.01,2194.19,2186.71,2192.47,1856397.05
2015-01-04 00:00:00,2196.96,2209.70,2191.46,2196.33,1861580.63
2015-01-05 00:00:00,2200.54,2204.11,2199.02,2201.45,1577436.46
2015-01-06 00:00:00,2205.62,2207.41,2202.07,2208.63,1565632.10
2015-01-07 00:00:00,2211.27,2212.39,2207.79,2213.91,1164915.50
2015-01-08 00:00:00,2221.98,2227.24,2215.89,2223.52,1543866.23
2015-01-09 00:00:00,2231.42,2233.76,2227.71,2231.32,1646240.80
2015-01-10 00:00:00,2237.86,2248.79,2234.81,2240.90,1790508.04
2015-01-11 00:00:00,2247.57,2249.07,2245.23,2248.83,1615807.54
2015-01-12 00:00:00,2252.23,2255.88,2246.30,2250.32,1462631.73
2015-01-13 00:00:00,2258.05,2261.94,2255.36,2256.99,1407222.93
2015-01-14 00:00:00,2264.46,2267.18,2263.38,2261.73,1282002.64
2015-01-15 00:00:00,2269.94,2275.83,2268.04,2269.22,1379554.30
2015-01-16 00:00:00,2275.59,2283.29,2273.43,2274.99,1205325.68
2015-01-17 00:00:00,2282.80,2288.35,2279.37,2285.13,1595319.64
2015-01-18 00:00:00,2287.47,2288.65,2284.38,2288.92,1401384.71
2015-01-19 00:00:00,2294.96,2297.42,2288.88,2296.97,1629263.66
2015-01-20 00:00:00,2304.38,2309.48,2298.97,2304.19,1708316.68
2015-01-21 00:00:00,2311.58,2314.82,2304.57,2308.65,1723976.77
2015-01-22 00:00:00,2314.72,2320.98,2310.20,2315.24,2090292.85
2015-01-23 00:00:00,2325.15,2327.53,2323.54,2325.61,1479469.57
2015-01-24 00:00:00,2327.43,2332.14,2325.33,2321.92,1372895.35
2015-01-25 00:00:00,2325.55,2330.47,2324.37,2328.52,1181696.08
2015-01-26 00:00:00,2331.39,2336.66,2327.77,2329.27,1394665.72
2015-01-27 00:00:00,2333.06,2336.22,2327.59,2329.89,1441844.70
2015-01-28 00:00:00,2335.97,2337.30,2331.64,2336.21,1384039.33
2015-01-29 00:00:00,2338.90,2347.20,2336.41,2338.93,1684344.98
2015-01-30 00:00:00,2343.79,2354.08,2342.48,2342.82,1576119.05
2015-01-31 00:00:00,2345.88,2347.72,2336.62,2347.23,1513335.73
2015-02-01 00:00:00,2353.81,2355.43,2347.71,2352.01,1813284.98
2015-02-02 00:00:00,2359.41,2362.80,2356.72,2360.22,1890896.89
2015-02-03 00:00:00,2369.44,2372.09,2366.65,2373.01,1479690.27
2015-02-04 00:00:00,2376.26,2382.14,2371.81,2375.53,1653080.30
2015-02-05 00:00:00,2384.10,2389.71,2382.49,2385.76,1951863.12
2015-02-06 00:00:00,2394.30,2401.71,2387.25,2392.81,1349777.01
2015-02-07 00:00:00,2390.55,2391.85,2383.98,2389.48,1539088.45
2015-02-08 00:00:00,2392.66,2395.63,2390.52,2390.27,1734806.61
2015-02-09 00:00:00,2390.22,2392.51,2387.25,2393.20,1652369.02
2015-02-10 00:00:00,2392.62,2403.31,2387.62,2391.62,1462198.61
2015-02-11 00:00:00,2397.35,2401.05,2390.89,2393.75,1550492.29
2015-02-12 00:00:00,2398.28,2399.69,2394.71,2397.93,1797301.38
2015-02-13 00:00:00,2398.64,2404.54,2395.07,2401.77,1458870.22
2015-02-14 00:00:00,2403.53,2412.53,2401.49,2401.03,1935115.79
2015-02-15 00:00:00,2413.56,2415.47,2410.62,2413.32,1728359.13
2015-02-16 00:00:00,2418.79,2420.04,2412.34,2420.04,1926196.26
2015-02-17 00:00:00,2420.56,2423.78,2415.95,2422.25,1401281.93
2015-02-18 00:00:00,2429.45,2435.13,2428.07,2434.04,1827673.64
2015-02-19 00:00:00,2433.77,2436.23,2429.46,2432.78,1279523.94
2015-02-20 00:00:00,2440.09,2441.49,2436.88,2439.77,1966233.04
2015-02-21 00:00:00,2442.32,2445.30,2439.26,2443.78,1224257.27
2015-02-22 00:00:00,2452.91,2459.75,2451.89,2452.30,1358475.04
2015-02-23 00:00:00,2460.90,2471.29,2456.98,2459.10,1674979.48
2015-02-24 00:00:00,2468.91,2473.02,2462.33,2464.47,1532720.02
2015-02-25 00:00:00,2465.44,2467.94,2463.46,2465.63,1775150.76
2015-02-26 00:00:00,2464.77,2469.12,2457.85,2461.50,1701155.89
2015-02-27 00:00:00,2467.08,2474.31,2461.34,2467.22,1306076.72
2015-02-28 00:00:00,2475.19,2478.96,2469.40,2472.89,1524371.42
2015-03-01 00:00:00,2481.64,2482.85,2475.75,2481.83,1414710.25
2015-03-02 00:00:00,2494.90,2503.19,2493.11,2493.24,1178194.11
2015-03-03 00:00:00,2499.31,2501.33,2496.44,2499.96,1587255.24
2015-03-04 00:00:00,2508.20,2510.46,2504.31,2506.66,1616625.37
2015-03-05 00:00:00,2508.23,2512.10,2504.37,2508.14,1343715.34
2015-03-06 00:00:00,2507.54,2513.04,2500.04,2507.60,1411542.49
2015-03-07 00:00:00,2509.52,2514.01,2508.00,2509.62,1611623.36
2015-03-08 00:00:00,2517.37,2524.78,2513.54,2513.75,1341123.29
2015-03-09 00:00:00,2521.38,2525.14,2517.72,2521.74,1782595.31
2015-03-10 00:00:00,2521.67,2523.89,2520.48,2525.74,1705309.98
2015-03-11 00:00:00,2533.35,2537.40,2523.35,2534.30,1298815.11
2015-03-12 00:00:00,2545.78,2552.49,2541.31,2545.32,1303916.05
2015-03-13 00:00:00,2551.30,2553.41,2549.85,2555.09,1173206.17
2015-03-14 00:00:00,2563.54,2567.84,2556.69,2567.35,1960310.61
2015-03-15 00:00:00,2571.08,2576.74,2568.77,2570.98,1147430.12
2015-03-16 00:00:00,2577.44,2582.13,2570.67,2579.37,1443732.52
2015-03-17 00:00:00,2583.68,2585.65,2580.85,2589.88,1312760.62
2015-03-18 00:00:00,2594.20,2599.17,2591.66,2592.94,1234179.79
2015-03-19 00:00:00,2600.62,2604.47,2597.74,2597.61,1600716.57
2015-03-20 00:00:00,2602.51,2604.87,2596.01,2602.40,1325831.59
2015-03-21 00:00:00,2606.64,2607.90,2604.29,2608.41,1486789.89
2015-03-22 00:00:00,2613.94,2616.62,2608.91,2612.01,1430939.03
2015-03-23 00:00:00,2618.68,2620.29,2613.17,2620.17,1411063.98
2015-03-24 00:00:00,2626.66,2628.69,2621.83,2630.36,1718318.90
2015-03-25 00:00:00,2641.02,2648.23,2637.83,2640.49,1419941.89
2015-03-26 00:00:00,2645.35,2647.82,2639.92,2647.32,1582694.68
2015-03-27 00:00:00,2647.97,2651.15,2644.27,2648.67,1506001.42
2015-03-28 00:00:00,2656.51,2659.70,2654.04,2657.84,1606158.26
2015-03-29 00:00:00,2663.98,2666.11,2657.72,2661.50,1413465.46
2015-03-30 00:00:00,2667.40,2671.57,2659.14,2668.47,1482554.69
2015-03-31 00:00:00,2668.81,2678.58,2666.76,2670.47,2013505.09
2015-04-01 00:00:00,2672.14,2674.73,2665.18,2669.52,1514793.14
2015-04-02 00:00:00,2673.02,2677.90,2670.40,2671.20,1694449.27
2015-04-03 00:00:00,2677.04,2682.24,2673.28,2675.98,1270131.98
2015-04-04 00:00:00,2682.43,2684.72,2680.32,2680.35,1421092.23
2015-04-05 00:00:00,2688.00,2691.99,2680.53,2686.02,1627120.20
2015-04-06 00:00:00,2687.66,2690.88,2683.22,2685.00,1519057.87
2015-04-07 00:00:00,2686.94,2692.50,2685.68,2685.01,1638761.10
2015-04-08 00:00:00,2692.08,2696.02,2684.27,2691.12,1230018.04
2015-04-09 00:00:00,2699.01,2705.56,2696.70,2701.96,1674242.51
2015-04-10 00:00:00,2703.33,2707.46,2701.61,2702.85,1799279.71
2015-04-11 00:00:00,2705.24,2711.64,2700.30,2707.32,1454640.79
2015-04-12 00:00:00,2712.43,2713.64,2706.61,2712.27,1271064.41
2015-04-13 00:00:00,2713.11,2717.87,2710.78,2713.48,1236064.13
2015-04-14 00:00:00,2713.41,2714.42,2710.55,2713.55,1058641.10
2015-04-15 00:00:00,2720.04,2728.13,2712.71,2721.13,1634397.18
2015-04-16 00:00:00,2721.74,2723.49,2716.22,2721.98,1214061.42
2015-04-17 00:00:00,2726.25,2728.67,2722.18,2726.62,1408088.13
2015-04-18 00:00:00,2731.60,2737.30,2729.54,2730.53,1648794.48
2015-04-19 00:00:00,2732.70,2734.78,2729.60,2728.01,1314736.37
2015-04-20 00:00:00,2730.70,2735.75,2727.41,2733.32,1455675.23
2015-04-21 00:00:00,2735.90,2738.90,2733.16,2734.24,1391343.88
2015-04-22 00:00:00,2735.90,2739.50,2734.79,2732.26,1585586.76
2015-04-23 00:00:00,2734.96,2737.75,2732.11,2733.95,1696472.19
2015-04-24 00:00:00,2735.59,2744.54,2728.97,2735.10,1274525.29
2015-04-25 00:00:00,2734.79,2738.95,2731.87,2736.36,1271221.19
2015-04-26 00:00:00,2740.18,2746.95,2737.56,2742.82,1592408.56
2015-04-27 00:00:00,2745.58,2749.10,2742.27,2746.83,1780732.61
2015-04-28 00:00:00,2745.60,2746.88,2742.05,2747.10,1611611.58
2015-04-29 00:00:00,2752.84,2755.84,2746.44,2755.38,1499839.39
2015-04-30 00:00:00,2755.50,2756.64,2752.77,2757.51,1678033.31
2015-05-01 00:00:00,2760.16,2763.32,2759.03,2762.21,1027336.08
2015-05-02 00:00:00,2760.35,2761.51,2757.70,2758.45,1623993.71
2015-05-03 00:00:00,2757.11,2758.98,2755.61,2757.23,1334163.04
2015-05-04 00:00:00,2758.18,2764.09,2755.01,2760.11,1483983.60
2015-05-05 00:00:00,2756.48,2759.34,2754.88,2759.08,1727190.77
2015-05-06 00:00:00,2761.78,2766.20,2760.26,2761.25,1451298.35
2015-05-07 00:00:00,2758.92,2761.77,2757.80,2760.53,1207674.73
2015-05-08 00:00:00,2758.45,2774.04,2753.93,2759.03,1587551.02
2015-05-09 00:00:00,2757.33,2765.24,2756.07,2757.63,1863677.27
2015-05-10 00:00:00,2756.45,2759.40,2754.07,2753.70,1555167.89
2015-05-11 00:00:00,2756.26,2757.99,2752.64,2757.99,1567740.56
2015-05-12 00:00:00,2758.35,2764.23,2754.56,2761.14,1461408.73
2015-05-13 00:00:00,2764.46,2772.76,2754.40,2764.07,1419210.33
2015-05-14 00:00:00,2770.16,2772.79,2758.25,2767.11,1569901.11
2015-05-15 00:00:00,2766.86,2769.88,2763.60,2765.96,1135434.39
2015-05-16 00:00:00,2767.14,2774.13,2760.90,2767.31,1475730.17
2015-05-17 00:00:00,2771.20,2777.61,2768.51,2771.84,1439525.76
2015-05-18 00:00:00,2770.18,2771.49,2765.64,2769.43,1669459.00
2015-05-19 00:00:00,2769.30,2777.20,2768.19,2768.95,1177834.41
2015-05-20 00:00:00,2765.30,2767.83,2763.39,2765.87,1363071.62
2015-05-21 00:00:00,2766.00,2769.49,2763.82,2765.56,1872930.32
2015-05-22 00:00:00,2764.02,2769.50,2758.81,2763.09,1331691.23
2015-05-23 00:00:00,2767.35,2770.09,2765.80,2767.81,1283126.33
2015-05-24 00:00:00,2772.44,2779.00,2771.31,2772.47,1629827.11
2015-05-25 00:00:00,2772.31,2774.11,2769.34,2771.62,1404787.97
2015-05-26 00:00:00,2774.12,2776.43,2771.41,2772.87,1200100.66
2015-05-27 00:00:00,2777.81,2780.84,2773.34,2776.75,1791440.12
2015-05-28 00:00:00,2777.39,2784.20,2776.34,2777.30,1394409.10
2015-05-29 00:00:00,2777.69,2779.59,2770.72,2780.77,1517989.37
2015-05-30 00:00:00,2784.53,2796.40,2781.65,2785.03,1677424.33
2015-05-31 00:00:00,2786.35,2787.57,2783.50,2784.75,1880392.08
2015-06-01 00:00:00,2788.12,2794.35,2787.07,2787.05,1610938.84
2015-06-02 00:00:00,2786.92,2788.43,2785.82,2785.66,1325716.92
2015-06-03 00:00:00,2784.83,2791.37,2781.43,2786.50,1346092.20
2015-06-04 00:00:00,2780.87,2783.44,2778.92,2780.91,1233114.38
2015-06-05 00:00:00,2774.96,2782.80,2773.09,2775.96,1485850.04
2015-06-06 00:00:00,2776.95,2783.07,2774.17,2774.24,1282569.42
2015-06-07 00:00:00,2771.81,2780.04,2768.97,2770.39,1262757.02
2015-06-08 00:00:00,2769.64,2770.69,2765.30,2773.67,1643641.48
2015-06-09 00:00:00,2776.63,2778.95,2772.06,2778.17,1296298.60
2015-06-10 00:00:00,2775.67,2788.33,2773.03,2776.65,1457079.68
2015-06-11 00:00:00,2778.65,2783.62,2773.62,2780.91,1539706.49
2015-06-12 00:00:00,2772.94,2774.03,2771.21,2774.36,1564210.82
2015-06-13 00:00:00,2774.80,2776.15,2772.64,2772.49,1337020.06
2015-06-14 00:00:00,2769.30,2775.67,2765.15,2771.46,1622799.08
2015-06-15 00:00:00,2768.97,2772.12,2766.21,2771.20,1605325.57
2015-06-16 00:00:00,2775.69,2780.57,2773.79,2773.17,1216551.64
2015-06-17 00:00:00,2771.93,2774.27,2768.88,2768.86,1539353.96
2015-06-18 00:00:00,2767.19,2771.85,2763.99,2764.57,1579138.38
2015-06-19 00:00:00,2761.91,2769.04,2760.79,2760.91,1418691.77
2015-06-20 00:00:00,2755.50,2761.60,2746.02,2752.04,1449641.41
2015-06-21 00:00:00,2750.76,2754.14,2744.89,2753.25,1450931.28
2015-06-22 00:00:00,2758.48,2759.61,2756.51,2759.04,1350793.42
2015-06-23 00:00:00,2762.36,2765.83,2759.94,2761.99,1318445.57
2015-06-24 00:00:00,2761.70,2767.88,2760.69,2760.67,1613411.17
2015-06-25 00:00:00,2762.68,2766.83,2761.19,2761.26,1440067.58
2015-06-26 00:00:00,2760.05,2763.01,2756.78,2758.12,1534685.33
2015-06-27 00:00:00,2761.00,2769.49,2756.83,2759.02,1781718.61
2015-06-28 00:00:00,2755.24,2759.32,2752.53,2752.48,1660336.04
2015-06-29 00:00:00,2751.04,2753.64,2746.75,2752.74,1602624.72
2015-06-30 00:00:00,2750.33,2755.11,2738.69,2751.05,1478492.47
2015-07-01 00:00:00,2747.31,2749.02,2744.31,2745.84,1476094.70
2015-07-02 00:00:00,2744.32,2746.89,2738.42,2743.39,1763383.57
2015-07-03 00:00:00,2738.05,2740.25,2730.17,2738.19,1644450.86
2015-07-04 00:00:00,2742.80,2743.99,2738.80,2744.85,1508231.45
2015-07-05 00:00:00,2743.64,2748.31,2738.27,2740.18,1510310.00
2015-07-06 00:00:00,2738.59,2743.86,2731.09,2738.45,1407253.57
2015-07-07 00:00:00,2734.70,2736.25,2732.30,2734.74,1815358.20
2015-07-08 00:00:00,2733.04,2741.56,2727.06,2734.97,1354299.14
2015-07-09 00:00:00,2732.45,2737.13,2729.78,2732.31,1588339.63
2015-07-10 00:00:00,2731.54,2733.21,2729.12,2729.60,1411662.96
2015-07-11 00:00:00,2730.04,2731.69,2728.79,2731.77,1597515.27
2015-07-12 00:00:00,2725.60,2726.92,2721.12,2725.49,1578054.23
2015-07-13 00:00:00,2725.25,2732.90,2722.24,2724.66,1614805.60
2015-07-14 00:00:00,2725.73,2730.86,2721.99,2727.06,1469928.67
2015-07-15 00:00:00,2724.38,2728.31,2721.67,2725.18,1353641.38
2015-07-16 00:00:00,2718.15,2719.52,2716.06,2719.06,1347097.41
2015-07-17 00:00:00,2719.07,2721.71,2715.11,2720.96,1431416.70
2015-07-18 00:00:00,2716.94,2718.94,2715.88,2715.13,1624027.85
2015-07-19 00:00:00,2713.14,2717.18,2705.13,2714.00,1519804.76
2015-07-20 00:00:00,2712.37,2718.87,2701.40,2714.91,1772759.79
2015-07-21 00:00:00,2709.95,2715.01,2705.70,2707.87,1479720.89
2015-07-22 00:00:00,2711.31,2713.75,2710.11,2713.08,1375500.46
2015-07-23 00:00:00,2715.50,2722.79,2712.79,2713.93,1714403.10
2015-07-24 00:00:00,2712.72,2716.29,2707.17,2713.59,1319492.49
2015-07-25 00:00:00,2715.94,2718.06,2713.64,2717.17,1562346.60
2015-07-26 00:00:00,2717.27,2719.06,2715.56,2716.17,1397734.93
2015-07-27 00:00:00,2713.14,2718.09,2710.79,2712.91,1479787.57
2015-07-28 00:00:00,2712.32,2715.92,2703.43,2709.54,1454410.07
2015-07-29 00:00:00,2709.04,2716.78,2701.07,2708.81,1341200.41
2015-07-30 00:00:00,2709.48,2719.27,2707.63,2707.50,1497017.89
2015-07-31 00:00:00,2706.36,2710.53,2703.71,2710.53,1512395.43
2015-08-01 00:00:00,2707.22,2713.13,2705.96,2708.06,712545.08
2015-08-02 00:00:00,2707.11,2708.41,2704.38,2705.80,1680630.27
2015-08-03 00:00:00,2697.35,2710.95,2691.74,2698.09,1880074.83
2015-08-04 00:00:00,2696.57,2701.15,2691.46,2693.30,1620013.09
2015-08-05 00:00:00,2694.53,2697.67,2687.73,2694.94,1475382.47
2015-08-06 00:00:00,2690.33,2700.58,2684.59,2689.33,1725110.70
2015-08-07 00:00:00,2695.19,2699.61,2691.03,2694.35,1716437.40
2015-08-08 00:00:00,2693.77,2696.33,2691.82,2696.17,1947188.97
2015-08-09 00:00:00,2693.76,2695.39,2690.74,2692.83,1061474.40
2015-08-10 00:00:00,2691.86,2695.80,2685.60,2692.23,1799484.84
2015-08-11 00:00:00,2687.19,2692.71,2679.66,2689.06,1452550.82
2015-08-12 00:00:00,2689.39,2691.82,2685.66,2690.39,1576631.01
2015-08-13 00:00:00,2689.22,2696.94,2685.98,2692.03,1429176.32
2015-08-14 00:00:00,2693.14,2703.50,2688.94,2688.82,1532745.15
2015-08-15 00:00:00,2684.22,2687.33,2681.90,2683.15,1786200.75
2015-08-16 00:00:00,2683.99,2689.62,2673.74,2682.45,1000643.71
2015-08-17 00:00:00,2685.96,2687.96,2684.74,2682.36,1229660.88
2015-08-18 00:00:00,2681.87,2683.44,2672.25,2679.98,1709826.33
2015-08-19 00:00:00,2681.24,2683.10,2668.91,2683.29,1862053.02
2015-08-20 00:00:00,2684.70,2689.03,2678.35,2681.50,1351730.07
2015-08-21 00:00:00,2679.68,2680.68,2677.18,2679.64,1595552.28
2015-08-22 00:00:00,2679.99,2681.02,2677.84,2674.75,1674443.35
2015-08-23 00:00:00,2669.80,2674.44,2665.33,2671.64,1635993.16
2015-08-24 00:00:00,2671.87,2677.25,2669.95,2670.77,1845969.17
2015-08-25 00:00:00,2670.72,2672.70,2666.35,2671.47,1476512.60
2015-08-26 00:00:00,2670.22,2674.62,2668.65,2667.72,1570916.52
2015-08-27 00:00:00,2664.27,2669.85,2660.20,2663.77,1505432.97
2015-08-28 00:00:00,2662.80,2664.65,2660.00,2662.05,1609131.96
2015-08-29 00:00:00,2660.59,2663.86,2653.84,2660.02,1181347.96
2015-08-30 00:00:00,2657.11,2661.35,2656.01,2657.75,1155468.41
2015-08-31 00:00:00,2652.56,2655.72,2648.45,2651.06,1573402.19
2015-09-01 00:00:00,2646.24,2651.85,2644.96,2646.67,1579277.78
2015-09-02 00:00:00,2646.17,2653.88,2641.37,2645.45,1687937.76
2015-09-03 00:00:00,2638.35,2639.75,2633.13,2639.71,1665648.16
2015-09-04 00:00:00,2642.73,2646.70,2638.55,2642.55,1722933.34
2015-09-05 00:00:00,2640.19,2644.32,2633.01,2641.46,1458036.83
2015-09-06 00:00:00,2637.64,2641.42,2632.49,2640.27,1451137.30
2015-09-07 00:00:00,2632.13,2635.66,2629.39,2630.23,1108300.93
2015-09-08 00:00:00,2626.18,2635.35,2623.88,2625.38,1512053.44
2015-09-09 00:00:00,2626.56,2631.19,2616.96,2626.50,1593792.59
2015-09-10 00:00:00,2619.49,2621.97,2617.10,2619.55,1376900.92
2015-09-11 00:00:00,2624.82,2626.87,2623.07,2623.85,971378.74
2015-09-12 00:00:00,2625.27,2638.90,2618.84,2622.63,1228215.67
2015-09-13 00:00:00,2619.58,2629.36,2617.30,2619.20,1346453.48
2015-09-14 00:00:00,2618.43,2620.91,2614.57,2614.50,1605688.39
2015-09-15 00:00:00,2612.74,2619.18,2607.60,2612.44,1402698.15
2015-09-16 00:00:00,2610.59,2617.33,2606.05,2614.82,1331524.64
2015-09-17 00:00:00,2610.82,2612.53,2608.71,2613.24,1385565.61
2015-09-18 00:00:00,2613.08,2617.50,2608.99,2612.65,1465047.62
2015-09-19 00:00:00,2609.67,2612.87,2603.90,2607.73,1907445.18
2015-09-20 00:00:00,2606.54,2608.98,2602.97,2606.42,1049718.97
2015-09-21 00:00:00,2604.19,2605.68,2601.79,2602.64,1455909.74
2015-09-22 00:00:00,2603.36,2604.96,2600.64,2604.09,1421166.69
2015-09-23 00:00:00,2604.59,2606.29,2602.13,2603.18,1250440.46
2015-09-24 00:00:00,2602.64,2604.68,2599.09,2604.11,1206147.75
2015-09-25 00:00:00,2601.77,2610.79,2598.69,2599.60,1593461.31
2015-09-26 00:00:00,2599.08,2602.24,2597.99,2601.53,1169220.46
2015-09-27 00:00:00,2600.77,2602.24,2595.98,2597.47,1500707.30
2015-09-28 00:00:00,2598.09,2604.53,2594.02,2597.54,1868282.48
2015-09-29 00:00:00,2590.60,2591.78,2588.89,2590.95,1313150.75
2015-09-30 00:00:00,2591.17,2595.72,2582.90,2589.58,1403661.19
2015-10-01 00:00:00,2590.20,2598.46,2589.16,2587.14,1456783.86
2015-10-02 00:00:00,2587.38,2591.09,2581.92,2591.23,1413736.32
2015-10-03 00:00:00,2585.85,2591.67,2584.36,2587.89,1845436.37
2015-10-04 00:00:00,2585.90,2586.96,2584.37,2588.35,1347598.65
2015-10-05 00:00:00,2585.39,2586.70,2584.28,2589.01,1321605.63
2015-10-06 00:00:00,2593.74,2597.36,2589.45,2592.41,1629745.77
2015-10-07 00:00:00,2589.74,2595.23,2585.45,2586.39,1425813.13
2015-10-08 00:00:00,2584.61,2591.49,2583.18,2585.68,1338668.46
2015-10-09 00:00:00,2580.59,2585.97,2579.02,2581.51,2049511.13
2015-10-10 00:00:00,2582.39,2588.44,2575.25,2582.17,1814397.50
2015-10-11 00:00:00,2581.54,2584.65,2576.54,2584.30,1792348.08
2015-10-12 00:00:00,2578.50,2581.25,2572.38,2576.89,1244279.27
2015-10-13 00:00:00,2573.52,2580.27,2569.42,2573.50,1327107.59
2015-10-14 00:00:00,2572.38,2579.50,2569.99,2571.21,1443229.12
2015-10-15 00:00:00,2568.33,2572.13,2560.48,2567.57,1748544.17
2015-10-16 00:00:00,2562.53,2571.25,2561.17,2564.73,1155514.29
2015-10-17 00:00:00,2562.75,2565.40,2559.61,2563.87,1621627.64
2015-10-18 00:00:00,2556.57,2560.04,2550.06,2556.13,1574283.95
2015-10-19 00:00:00,2550.55,2556.76,2547.08,2553.85,1424011.50
2015-10-20 00:00:00,2553.36,2556.49,2544.85,2549.41,1573863.70
2015-10-21 00:00:00,2540.66,2546.48,2532.09,2542.48,1097891.81
2015-10-22 00:00:00,2539.95,2543.43,2536.67,2543.65,1630778.80
2015-10-23 00:00:00,2542.46,2545.49,2537.09,2543.86,1684219.18
2015-10-24 00:00:00,2539.54,2543.11,2532.74,2539.95,1272536.41
2015-10-25 00:00:00,2536.20,2539.03,2534.94,2536.06,1450144.72
2015-10-26 00:00:00,2538.61,2542.94,2531.68,2535.22,1522228.03
2015-10-27 00:00:00,2536.29,2540.19,2532.57,2534.77,1692003.76
2015-10-28 00:00:00,2531.69,2535.28,2530.06,2531.45,1524095.94
2015-10-29 00:00:00,2526.52,2534.33,2523.33,2529.32,1394160.62
2015-10-30 00:00:00,2525.27,2527.54,2520.82,2526.62,1642501.34
2015-10-31 00:00:00,2522.66,2524.94,2520.16,2521.16,1418134.37
2015-11-01 00:00:00,2523.43,2527.41,2520.36,2528.44,1074725.60
2015-11-02 00:00:00,2522.48,2530.67,2519.84,2523.48,1923931.43
2015-11-03 00:00:00,2518.94,2522.30,2516.29,2518.78,1395014.51
2015-11-04 00:00:00,2516.00,2522.31,2513.14,2517.67,1467709.74
2015-11-05 00:00:00,2514.63,2517.82,2511.47,2514.01,1486333.26
2015-11-06 00:00:00,2516.06,2517.26,2514.61,2515.73,1423241.10
2015-11-07 00:00:00,2510.48,2515.16,2506.04,2509.35,1518470.29
2015-11-08 00:00:00,2505.57,2511.88,2502.71,2508.37,1417083.66
2015-11-09 00:00:00,2504.00,2506.71,2501.66,2504.46,1417670.19
2015-11-10 00:00:00,2501.84,2504.80,2499.41,2502.46,1542336.85
2015-11-11 00:00:00,2502.04,2503.44,2496.19,2502.98,1797567.08
2015-11-12 00:00:00,2500.43,2502.52,2496.70,2500.46,1663605.56
2015-11-13 00:00:00,2497.07,2504.03,2495.96,2500.23,1290239.37
2015-11-14 00:00:00,2497.11,2500.10,2492.07,2498.40,1484717.15
2015-11-15 00:00:00,2494.75,2495.85,2490.85,2496.42,1488076.54
2015-11-16 00:00:00,2492.81,2494.21,2491.29,2493.31,1409301.05
2015-11-17 00:00:00,2496.27,2499.78,2489.22,2499.06,1689422.65
2015-11-18 00:00:00,2502.42,2505.65,2500.16,2501.38,1365784.64
2015-11-19 00:00:00,2501.64,2508.56,2494.95,2504.71,1702576.26
2015-11-20 00:00:00,2503.71,2508.40,2499.61,2503.34,1206272.60
2015-11-21 00:00:00,2504.96,2507.74,2498.45,2505.24,1406255.69
2015-11-22 00:00:00,2502.67,2504.98,2499.47,2502.25,1269009.28
2015-11-23 00:00:00,2502.06,2505.00,2495.36,2502.88,1677525.27
2015-11-24 00:00:00,2500.21,2501.96,2496.15,2496.71,1604366.14
2015-11-25 00:00:00,2494.25,2496.97,2492.31,2493.73,1532459.03
2015-11-26 00:00:00,2491.34,2495.81,2488.65,2488.45,1528822.60
2015-11-27 00:00:00,2482.36,2493.50,2476.97,2481.48,1340811.05
2015-11-28 00:00:00,2474.69,2476.59,2468.83,2476.35,1501647.19
2015-11-29 00:00:00,2476.94,2479.70,2472.41,2478.30,1283284.41
2015-11-30 00:00:00,2477.13,2478.24,2474.68,2476.22,1727443.78
2015-12-01 00:00:00,2469.29,2471.37,2467.14,2467.81,1507788.72
2015-12-02 00:00:00,2466.60,2467.84,2464.62,2469.43,1379820.64
2015-12-03 00:00:00,2468.53,2476.49,2465.71,2464.80,1626272.39
2015-12-04 00:00:00,2461.23,2462.89,2454.41,2461.28,1664802.60
2015-12-05 00:00:00,2461.00,2462.07,2459.97,2463.29,1647198.06
2015-12-06 00:00:00,2459.28,2462.60,2455.56,2459.21,1267866.29
2015-12-07 00:00:00,2450.61,2452.48,2448.60,2450.98,1716998.05
2015-12-08 00:00:00,2444.98,2448.03,2438.21,2445.47,1479083.42
2015-12-09 00:00:00,2441.91,2443.07,2438.08,2439.86,1816101.57
2015-12-10 00:00:00,2440.18,2441.91,2433.01,2439.75,1614850.23
2015-12-11 00:00:00,2438.14,2443.18,2432.24,2437.97,1406383.17
2015-12-12 00:00:00,2434.38,2437.04,2429.76,2433.53,1163844.29
2015-12-13 00:00:00,2432.82,2434.22,2429.95,2428.89,1734010.50
2015-12-14 00:00:00,2428.88,2434.42,2427.27,2426.71,1227879.39
2015-12-15 00:00:00,2418.31,2422.43,2413.79,2417.69,1488031.89
2015-12-16 00:00:00,2420.86,2424.88,2415.12,2421.11,1609899.88
2015-12-17 00:00:00,2418.12,2424.82,2414.05,2419.49,1642950.56
2015-12-18 00:00:00,2412.38,2418.27,2407.44,2412.33,1941363.66
2015-12-19 00:00:00,2409.38,2410.62,2405.19,2414.55,1379615.49
2015-12-20 00:00:00,2410.91,2412.54,2404.62,2412.53,1498334.01
2015-12-21 00:00:00,2407.91,2411.29,2399.33,2406.80,1045075.24
2015-12-22 00:00:00,2403.35,2406.33,2399.99,2402.18,1331604.19
2015-12-23 00:00:00,2403.79,2410.54,2402.11,2406.08,1438700.16
2015-12-24 00:00:00,2403.07,2407.39,2399.28,2404.31,1241905.62
2015-12-25 00:00:00,2402.69,2405.76,2398.08,2402.64,1116232.12
2015-12-26 00:00:00,2399.23,2407.79,2396.49,2396.96,1610674.17
2015-12-27 00:00:00,2395.13,2397.41,2391.78,2395.13,1381520.52
2015-12-28 00:00:00,2392.50,2396.46,2388.24,2389.91,1406322.01
2015-12-29 00:00:00,2392.62,2400.81,2390.15,2395.84,1741637.25
2015-12-30 00:00:00,2393.34,2402.32,2392.09,2390.77,1527274.94
2015-12-31 00:00:00,2393.90,2395.89,2389.76,2391.56,1107409.38
2016-01-01 00:00:00,2383.72,2391.23,2379.30,2383.46,1469406.42
2016-01-02 00:00:00,2381.19,2382.23,2374.62,2381.97,1103512.27
2016-01-03 00:00:00,2383.02,2391.74,2380.40,2380.25,1508071.76
2016-01-04 00:00:00,2374.35,2380.86,2369.16,2375.97,1462854.97
2016-01-05 00:00:00,2375.84,2382.28,2373.89,2376.98,1306102.77
2016-01-06 00:00:00,2374.58,2380.18,2371.37,2376.40,1693167.06
2016-01-07 00:00:00,2374.16,2378.75,2372.58,2373.04,1600411.03
2016-01-08 00:00:00,2373.06,2382.88,2369.15,2370.86,1304377.10
2016-01-09 00:00:00,2364.79,2366.10,2359.40,2367.52,1441698.46
2016-01-10 00:00:00,2367.28,2368.88,2364.90,2365.20,1493302.28
2016-01-11 00:00:00,2361.74,2363.15,2360.24,2363.11,1406888.55
2016-01-12 00:00:00,2363.39,2365.71,2355.84,2356.77,1371464.08
2016-01-13 00:00:00,2358.35,2369.43,2351.41,2358.51,1091554.07
2016-01-14 00:00:00,2358.49,2363.70,2353.83,2361.42,1422620.37
2016-01-15 00:00:00,2356.32,2365.36,2351.61,2355.66,1342103.54
2016-01-16 00:00:00,2352.82,2360.13,2347.89,2350.27,1754910.01
2016-01-17 00:00:00,2347.19,2348.60,2344.09,2346.41,1015183.70
2016-01-18 00:00:00,2343.53,2349.50,2333.84,2343.30,1494265.97
2016-01-19 00:00:00,2345.14,2348.52,2342.96,2341.18,1416729.93
2016-01-20 00:00:00,2339.56,2346.62,2337.10,2342.98,1448570.01
2016-01-21 00:00:00,2336.40,2344.94,2335.35,2335.24,1326296.62
2016-01-22 00:00:00,2333.63,2335.77,2331.93,2334.33,1254201.02
2016-01-23 00:00:00,2330.11,2332.41,2328.89,2332.09,1354361.51
2016-01-24 00:00:00,2327.44,2334.39,2325.80,2324.64,1437805.61
2016-01-25 00:00:00,2318.60,2324.15,2312.27,2317.01,1911943.39
2016-01-26 00:00:00,2317.70,2324.22,2312.35,2317.43,1580687.64
2016-01-27 00:00:00,2315.38,2320.65,2309.73,2317.18,1256321.14
2016-01-28 00:00:00,2315.41,2319.02,2311.40,2316.15,1259854.53
2016-01-29 00:00:00,2315.38,2316.93,2310.47,2311.40,1590241.54
2016-01-30 00:00:00,2304.34,2312.17,2296.35,2301.94,1416004.41
2016-01-31 00:00:00,2299.73,2301.01,2294.65,2298.31,1661130.70
2016-02-01 00:00:00,2295.04,2296.13,2285.39,2293.89,1671482.46
2016-02-02 00:00:00,2289.25,2294.05,2286.75,2290.45,1566748.05
2016-02-03 00:00:00,2286.27,2290.27,2278.76,2288.61,1187333.40
2016-02-04 00:00:00,2294.91,2301.21,2289.01,2295.52,1481127.96
2016-02-05 00:00:00,2294.10,2300.34,2289.37,2292.31,1514413.46
2016-02-06 00:00:00,2292.82,2298.03,2287.32,2294.45,1641580.42
2016-02-07 00:00:00,2290.36,2296.64,2287.67,2289.46,1748902.82
2016-02-08 00:00:00,2284.27,2286.80,2281.56,2286.21,1650289.01
2016-02-09 00:00:00,2283.69,2285.86,2276.23,2280.16,1649607.33
2016-02-10 00:00:00,2280.80,2286.65,2276.59,2279.25,1392191.97
2016-02-11 00:00:00,2278.61,2281.97,2276.82,2275.60,1261510.90
2016-02-12 00:00:00,2273.99,2276.70,2269.96,2273.62,1560278.18
2016-02-13 00:00:00,2270.16,2271.85,2268.81,2269.66,1497729.78
2016-02-14 00:00:00,2264.31,2267.31,2255.96,2261.97,1262589.75
2016-02-15 00:00:00,2258.06,2263.59,2257.03,2258.36,1311511.21
2016-02-16 00:00:00,2256.49,2264.27,2255.14,2254.84,1266825.06
2016-02-17 00:00:00,2252.87,2257.64,2249.02,2250.85,1168776.52
2016-02-18 00:00:00,2249.50,2255.68,2246.08,2251.58,1381437.41
2016-02-19 00:00:00,2249.40,2255.97,2246.54,2252.59,1434288.53
2016-02-20 00:00:00,2246.95,2248.34,2245.05,2249.22,1677282.92
2016-02-21 00:00:00,2247.47,2251.10,2245.75,2249.06,1396258.60
2016-02-22 00:00:00,2242.93,2244.77,2231.18,2244.55,1359996.81
2016-02-23 00:00:00,2245.83,2254.28,2243.82,2246.62,1365352.58
2016-02-24 00:00:00,2241.91,2243.59,2238.74,2240.34,1283155.77
2016-02-25 00:00:00,2232.70,2237.57,2231.30,2234.72,1367320.75
2016-02-26 00:00:00,2228.10,2235.52,2222.53,2228.29,1312724.22
2016-02-27 00:00:00,2223.12,2225.67,2220.28,2225.67,1633752.31
2016-02-28 00:00:00,2223.09,2226.59,2217.97,2225.51,1606533.17
2016-02-29 00:00:00,2223.92,2227.31,2217.00,2221.65,1526456.72
2016-03-01 00:00:00,2219.00,2222.30,2217.57,2218.63,1751557.00
2016-03-02 00:00:00,2216.56,2220.54,2210.78,2219.09,1563537.86
2016-03-03 00:00:00,2218.12,2220.18,2212.83,2222.68,1291021.11
2016-03-04 00:00:00,2217.25,2224.58,2215.50,2216.39,1361174.82
2016-03-05 00:00:00,2215.99,2219.24,2206.96,2215.81,1680315.73
2016-03-06 00:00:00,2217.54,2224.28,2212.33,2218.08,1385486.75
2016-03-07 00:00:00,2213.56,2217.20,2211.97,2211.75,1244051.25
2016-03-08 00:00:00,2209.61,2211.11,2204.70,2210.66,1584790.65
2016-03-09 00:00:00,2209.60,2214.25,2206.60,2210.15,1686975.37
2016-03-10 00:00:00,2208.73,2210.58,2206.99,2209.23,1268723.14
2016-03-11 00:00:00,2208.40,2212.49,2203.68,2210.38,1699577.40
2016-03-12 00:00:00,2201.32,2203.22,2194.60,2199.41,1473438.69
2016-03-13 00:00:00,2199.52,2201.85,2197.60,2203.09,1548204.50
2016-03-14 00:00:00,2196.77,2203.34,2192.28,2196.99,1191870.50
2016-03-15 00:00:00,2194.80,2197.04,2190.92,2195.01,1603296.88
2016-03-16 00:00:00,2189.58,2193.51,2185.71,2190.75,1791527.76
2016-03-17 00:00:00,2188.15,2194.24,2186.80,2188.31,1327757.64
2016-03-18 00:00:00,2180.93,2183.46,2176.46,2182.57,1739977.70
2016-03-19 00:00:00,2178.80,2187.66,2174.42,2179.68,1451679.46
2016-03-20 00:00:00,2180.49,2181.62,2175.36,2180.98,1275600.47
2016-03-21 00:00:00,2174.66,2179.37,2173.58,2176.37,1325270.26
2016-03-22 00:00:00,2176.53,2178.23,2167.70,2174.74,1220508.95
2016-03-23 00:00:00,2166.59,2169.63,2164.12,2167.77,1352543.09
2016-03-24 00:00:00,2165.57,2172.44,2162.63,2165.25,1385936.81
2016-03-25 00:00:00,2161.72,2162.81,2158.84,2162.33,1691056.29
2016-03-26 00:00:00,2157.02,2160.63,2154.91,2157.51,1526743.71
2016-03-27 00:00:00,2147.14,2155.81,2142.48,2145.55,1435540.29
2016-03-28 00:00:00,2137.69,2145.67,2134.21,2136.32,1334064.38
2016-03-29 00:00:00,2133.67,2140.25,2131.58,2132.12,1764556.14
2016-03-30 00:00:00,2128.97,2132.86,2127.69,2129.24,1547415.19
2016-03-31 00:00:00,2125.21,2126.30,2116.76,2130.88,1534602.92
2016-04-01 00:00:00,2124.06,2129.26,2119.81,2120.81,1463638.90
2016-04-02 00:00:00,2117.90,2119.62,2115.28,2121.57,1659250.83
2016-04-03 00:00:00,2116.02,2120.16,2114.29,2114.99,1418483.50
2016-04-04 00:00:00,2114.37,2117.61,2113.08,2116.41,1560822.07
2016-04-05 00:00:00,2112.93,2116.59,2102.60,2114.56,1026290.00
2016-04-06 00:00:00,2114.24,2120.38,2107.75,2112.84,1751571.38
2016-04-07 00:00:00,2107.75,2109.60,2100.07,2109.91,1446552.79
2016-04-08 00:00:00,2101.73,2104.03,2098.77,2101.90,1758284.56
2016-04-09 00:00:00,2099.31,2106.32,2098.09,2099.53,1672835.74
2016-04-10 00:00:00,2098.63,2100.96,2090.09,2098.86,1500967.47
2016-04-11 00:00:00,2095.77,2100.20,2088.19,2099.89,1712851.81
2016-04-12 00:00:00,2092.67,2094.22,2089.17,2091.69,1786624.59
2016-04-13 00:00:00,2085.73,2090.70,2082.21,2086.74,1809972.10
2016-04-14 00:00:00,2083.65,2086.61,2081.77,2085.10,1414389.42
2016-04-15 00:00:00,2079.37,2087.42,2072.78,2078.04,1236337.60
2016-04-16 00:00:00,2069.61,2075.07,2067.47,2069.46,1223248.59
2016-04-17 00:00:00,2065.30,2077.92,2063.74,2068.52,1256978.10
2016-04-18 00:00:00,2055.23,2056.89,2051.42,2054.41,1545746.70
2016-04-19 00:00:00,2053.60,2061.35,2050.20,2051.12,1533883.18
2016-04-20 00:00:00,2043.40,2044.46,2041.44,2042.26,1806231.51
2016-04-21 00:00:00,2036.82,2043.75,2034.30,2038.19,1510209.83
2016-04-22 00:00:00,2031.08,2033.81,2027.72,2030.07,1359643.25
2016-04-23 00:00:00,2024.58,2031.01,2022.60,2023.02,1675418.71
2016-04-24 00:00:00,2019.30,2026.33,2012.85,2022.13,1476686.00
2016-04-25 00:00:00,2019.09,2023.65,2014.25,2019.21,1590914.96
2016-04-26 00:00:00,2014.01,2017.93,2009.45,2014.82,1807879.39
2016-04-27 00:00:00,2015.88,2021.16,2009.04,2016.93,1710762.57
2016-04-28 00:00:00,2017.77,2018.99,2010.42,2017.43,1537196.09
2016-04-29 00:00:00,2009.94,2015.73,2006.96,2007.48,1682532.55
2016-04-30 00:00:00,2007.53,2011.23,2000.95,2007.95,1328343.38
2016-05-01 00:00:00,2003.69,2007.99,1998.76,2005.10,1435880.01
2016-05-02 00:00:00,2001.49,2002.74,1993.58,1997.68,1582578.58
2016-05-03 00:00:00,1996.26,1998.72,1993.26,1996.61,1316053.00
2016-05-04 00:00:00,1989.81,1994.91,1988.10,1985.63,1379445.12
2016-05-05 00:00:00,1982.08,1984.59,1979.43,1983.88,1815558.92
2016-05-06 00:00:00,1976.41,1982.23,1968.41,1974.72,1607159.07
2016-05-07 00:00:00,1970.21,1971.69,1965.75,1969.80,1652500.91
2016-05-08 00:00:00,1963.02,1966.53,1954.52,1964.37,1326436.42
2016-05-09 00:00:00,1962.05,1967.09,1960.16,1962.22,1539563.31
2016-05-10 00:00:00,1956.23,1963.06,1949.44,1955.09,1605893.96
2016-05-11 00:00:00,1950.56,1952.71,1948.68,1952.38,1325853.97
2016-05-12 00:00:00,1949.92,1951.58,1948.76,1949.09,1490918.80
2016-05-13 00:00:00,1945.35,1951.04,1937.47,1944.80,1640418.53
2016-05-14 00:00:00,1938.41,1944.89,1932.22,1941.21,1790458.08
2016-05-15 00:00:00,1936.47,1939.74,1932.74,1931.10,1581078.31
2016-05-16 00:00:00,1923.23,1925.03,1912.28,1925.02,1459650.16
2016-05-17 00:00:00,1917.66,1923.28,1913.41,1915.97,1305792.29
2016-05-18 00:00:00,1906.11,1907.95,1903.76,1907.83,1149699.43
2016-05-19 00:00:00,1900.85,1905.41,1898.48,1900.74,1669804.64
2016-05-20 00:00:00,1900.58,1901.59,1897.46,1899.08,1474633.96
2016-05-21 00:00:00,1893.46,1903.01,1887.90,1893.19,1503890.21
2016-05-22 00:00:00,1885.20,1887.61,1884.14,1885.44,1355564.86
2016-05-23 00:00:00,1881.89,1886.61,1879.40,1883.58,1779577.24
2016-05-24 00:00:00,1875.55,1879.04,1874.21,1877.64,1522292.24
2016-05-25 00:00:00,1876.92,1884.05,1872.03,1876.27,1349899.74
2016-05-26 00:00:00,1870.19,1878.46,1862.49,1872.23,1568147.99
2016-05-27 00:00:00,1868.63,1873.25,1863.43,1868.24,1776568.04
2016-05-28 00:00:00,1862.59,1864.32,1856.87,1863.35,1536393.76
2016-05-29 00:00:00,1858.72,1860.48,1851.43,1858.51,1355895.64
2016-05-30 00:00:00,1854.62,1859.41,1851.74,1856.07,1715307.43
2016-05-31 00:00:00,1840.06,1847.96,1837.46,1838.20,1837286.38
2016-06-01 00:00:00,1833.19,1834.60,1831.94,1832.43,1371622.56
2016-06-02 00:00:00,1826.79,1831.81,1819.61,1827.28,1410077.29
2016-06-03 00:00:00,1821.51,1825.52,1819.93,1819.37,1495941.91
2016-06-04 00:00:00,1812.54,1820.20,1809.86,1806.91,1424862.89
2016-06-05 00:00:00,1796.37,1798.40,1794.03,1798.01,1459578.65
2016-06-06 00:00:00,1791.28,1796.76,1788.42,1791.22,1785251.86
2016-06-07 00:00:00,1787.10,1796.03,1784.26,1786.04,1714810.05
2016-06-08 00:00:00,1782.68,1784.77,1779.52,1782.51,1599614.75
2016-06-09 00:00:00,1776.46,1777.98,1768.71,1777.37,1233895.13
2016-06-10 00:00:00,1771.83,1774.03,1769.58,1772.31,1573249.91
2016-06-11 00:00:00,1761.03,1768.30,1754.43,1760.98,1767620.15
2016-06-12 00:00:00,1756.36,1759.49,1748.60,1757.38,1603459.79
2016-06-13 00:00:00,1756.41,1758.22,1755.11,1752.80,1378626.46
2016-06-14 00:00:00,1747.30,1749.70,1742.80,1750.13,1820536.07
2016-06-15 00:00:00,1740.67,1742.07,1737.96,1743.64,1547490.86
2016-06-16 00:00:00,1739.16,1743.90,1732.85,1738.57,1872584.60
2016-06-17 00:00:00,1735.56,1739.16,1732.45,1736.04,1455740.14
2016-06-18 00:00:00,1731.99,1733.10,1730.88,1730.73,1351118.30
2016-06-19 00:00:00,1724.65,1726.36,1719.34,1721.94,1522496.99
2016-06-20 00:00:00,1720.39,1724.10,1715.22,1718.54,1658293.19
2016-06-21 00:00:00,1708.40,1709.48,1704.72,1707.25,1438740.95
2016-06-22 00:00:00,1699.77,1702.24,1698.56,1700.31,1409297.96
2016-06-23 00:00:00,1695.36,1698.28,1692.54,1695.44,1156754.03
2016-06-24 00:00:00,1686.60,1690.27,1681.51,1686.14,1353352.23
2016-06-25 00:00:00,1677.02,1682.08,1667.69,1679.01,1559621.78
2016-06-26 00:00:00,1675.98,1678.24,1673.94,1676.21,1432826.87
2016-06-27 00:00:00,1663.19,1667.55,1658.87,1664.15,1403795.07
2016-06-28 00:00:00,1652.34,1653.45,1650.19,1653.88,1572859.88
2016-06-29 00:00:00,1654.63,1659.10,1648.36,1656.47,1372924.76
2016-06-30 00:00:00,1649.66,1653.64,1648.16,1648.77,1411025.19
2016-07-01 00:00:00,1642.32,1647.46,1636.82,1644.07,1360944.70
2016-07-02 00:00:00,1640.22,1645.42,1632.08,1640.85,1609308.85
2016-07-03 00:00:00,1632.18,1635.29,1623.34,1638.21,1325411.49
2016-07-04 00:00:00,1632.73,1638.65,1620.41,1631.86,1671998.19
2016-07-05 00:00:00,1625.69,1630.91,1623.86,1622.98,1372011.23
2016-07-06 00:00:00,1615.71,1617.61,1605.62,1615.58,2010599.24
2016-07-07 00:00:00,1606.26,1608.56,1603.57,1600.62,1300916.65
2016-07-08 00:00:00,1592.10,1596.49,1590.96,1591.66,1634644.90
2016-07-09 00:00:00,1585.58,1587.24,1581.90,1582.82,1458751.74
2016-07-10 00:00:00,1580.11,1589.67,1575.95,1580.43,1545825.33
2016-07-11 00:00:00,1572.95,1575.67,1568.40,1574.90,1538939.14
2016-07-12 00:00:00,1573.88,1578.27,1570.67,1576.71,1339353.53
2016-07-13 00:00:00,1569.36,1577.36,1564.88,1572.67,1402902.52
2016-07-14 00:00:00,1562.55,1568.05,1558.60,1561.54,1807901.16
2016-07-15 00:00:00,1554.00,1555.75,1546.55,1555.18,1287193.63
2016-07-16 00:00:00,1553.24,1561.20,1548.21,1554.22,1395320.77
2016-07-17 00:00:00,1545.42,1550.87,1537.51,1545.67,1373875.63
2016-07-18 00:00:00,1540.94,1546.76,1538.66,1542.33,1690802.28
2016-07-19 00:00:00,1536.06,1538.32,1534.60,1534.07,1246596.69
2016-07-20 00:00:00,1528.98,1532.81,1527.90,1528.49,1694056.81
2016-07-21 00:00:00,1522.89,1525.11,1520.74,1522.61,1432019.48
2016-07-22 00:00:00,1516.93,1524.83,1515.85,1517.66,1578652.35
2016-07-23 00:00:00,1508.01,1510.69,1505.49,1506.93,1256626.88
2016-07-24 00:00:00,1497.25,1498.29,1494.71,1497.55,1325703.41
2016-07-25 00:00:00,1492.30,1494.10,1489.32,1490.45,1398128.87
2016-07-26 00:00:00,1486.20,1487.94,1484.71,1484.20,2058084.34
2016-07-27 00:00:00,1471.02,1480.13,1467.92,1471.42,1854706.52
2016-07-28 00:00:00,1466.59,1468.79,1461.91,1466.78,1108980.86
2016-07-29 00:00:00,1461.18,1463.05,1451.50,1459.74,1751475.13
2016-07-30 00:00:00,1449.31,1456.44,1447.78,1450.98,1640762.40
2016-07-31 00:00:00,1446.68,1448.07,1443.05,1446.36,1346913.66
2016-08-01 00:00:00,1439.70,1447.13,1438.01,1441.65,1740381.45
2016-08-02 00:00:00,1439.29,1440.90,1437.67,1438.78,1578471.87
2016-08-03 00:00:00,1434.63,1436.99,1428.25,1437.39,1595496.31
2016-08-04 00:00:00,1434.09,1435.29,1432.04,1437.96,1286033.43
2016-08-05 00:00:00,1426.64,1435.62,1424.67,1425.78,1382992.85
2016-08-06 00:00:00,1413.52,1421.99,1409.70,1414.54,1664934.54
2016-08-07 00:00:00,1405.57,1408.40,1400.23,1401.16,1619192.81
2016-08-08 00:00:00,1397.19,1398.60,1392.65,1396.86,1408362.77
2016-08-09 00:00:00,1391.76,1394.89,1387.71,1390.73,1396031.23
2016-08-10 00:00:00,1388.07,1389.71,1384.94,1385.47,1804175.47
2016-08-11 00:00:00,1374.97,1376.36,1373.07,1373.44,1445122.14
2016-08-12 00:00:00,1371.02,1378.98,1369.08,1370.31,1124412.96
2016-08-13 00:00:00,1369.35,1374.62,1364.71,1369.56,1646811.19
2016-08-14 00:00:00,1368.05,1377.75,1364.04,1367.09,1368639.48
2016-08-15 00:00:00,1360.50,1364.72,1355.68,1361.73,1121110.07
2016-08-16 00:00:00,1354.00,1360.83,1350.87,1353.84,2045359.76
2016-08-17 00:00:00,1347.61,1354.31,1339.26,1349.13,1413018.44
2016-08-18 00:00:00,1336.31,1340.74,1332.73,1337.49,1734454.14
2016-08-19 00:00:00,1328.22,1330.02,1319.02,1326.45,1605860.72
2016-08-20 00:00:00,1313.98,1318.24,1305.65,1311.10,1448225.89
2016-08-21 00:00:00,1310.36,1313.36,1307.77,1310.57,1225639.14
2016-08-22 00:00:00,1304.29,1310.44,1302.94,1305.73,1427650.85
2016-08-23 00:00:00,1297.27,1300.00,1292.06,1294.55,1496020.19
2016-08-24 00:00:00,1288.05,1292.81,1284.26,1286.18,1585117.53
2016-08-25 00:00:00,1281.89,1289.56,1279.52,1283.47,1514941.93
2016-08-26 00:00:00,1273.49,1277.92,1265.78,1273.25,1918755.33
2016-08-27 00:00:00,1270.29,1279.30,1268.57,1268.52,1511195.49
2016-08-28 00:00:00,1260.65,1262.45,1258.69,1260.98,1481990.92
2016-08-29 00:00:00,1252.40,1255.52,1246.32,1252.27,1231834.74
2016-08-30 00:00:00,1240.60,1242.89,1238.48,1238.24,1142535.15
2016-08-31 00:00:00,1234.33,1248.10,1229.84,1232.33,1476468.80
2016-09-01 00:00:00,1226.42,1232.50,1219.80,1226.13,1658032.69
2016-09-02 00:00:00,1221.37,1225.10,1218.33,1222.41,1303464.25
2016-09-03 00:00:00,1213.27,1216.85,1207.72,1214.08,1735846.15
2016-09-04 00:00:00,1213.03,1220.14,1210.11,1215.66,1726715.33
2016-09-05 00:00:00,1214.53,1217.88,1210.80,1216.08,1380365.81
2016-09-06 00:00:00,1211.27,1217.60,1206.88,1211.93,1710283.13
2016-09-07 00:00:00,1206.58,1213.72,1199.63,1204.62,1479724.63
2016-09-08 00:00:00,1197.81,1202.10,1193.93,1196.22,1684817.31
2016-09-09 00:00:00,1186.99,1192.70,1176.24,1186.63,1358415.97
2016-09-10 00:00:00,1183.44,1185.45,1173.67,1180.75,1382570.19
2016-09-11 00:00:00,1179.12,1186.64,1175.39,1181.96,1349378.46
2016-09-12 00:00:00,1178.07,1179.58,1172.75,1177.37,1428630.34
2016-09-13 00:00:00,1173.63,1176.62,1170.44,1172.57,1119874.83
2016-09-14 00:00:00,1169.03,1170.44,1167.91,1170.12,1400925.26
2016-09-15 00:00:00,1162.21,1165.62,1159.83,1162.64,1378831.83
2016-09-16 00:00:00,1156.34,1162.66,1153.71,1152.85,1367846.30
2016-09-17 00:00:00,1149.54,1151.22,1147.91,1149.09,1680055.98
2016-09-18 00:00:00,1140.66,1143.43,1136.80,1141.22,1469582.21
2016-09-19 00:00:00,1134.75,1137.00,1131.16,1132.32,1403396.09
2016-09-20 00:00:00,1123.76,1125.34,1120.32,1121.23,1572856.51
2016-09-21 00:00:00,1117.68,1119.42,1115.51,1119.51,1445766.46
2016-09-22 00:00:00,1115.57,1121.11,1112.34,1115.28,1603647.50
2016-09-23 00:00:00,1109.80,1113.81,1103.99,1109.39,1408120.37
2016-09-24 00:00:00,1100.88,1106.88,1095.78,1096.81,1072203.81
2016-09-25 00:00:00,1087.68,1089.31,1075.96,1085.32,1436552.78
2016-09-26 00:00:00,1084.80,1087.78,1079.33,1086.66,1494157.33
2016-09-27 00:00:00,1084.84,1089.58,1078.22,1084.49,1374175.29
2016-09-28 00:00:00,1080.15,1086.00,1075.16,1080.26,1498537.89
2016-09-29 00:00:00,1080.04,1081.88,1073.31,1082.66,1727569.38
2016-09-30 00:00:00,1067.73,1071.82,1064.87,1065.08,1394422.81
2016-10-01 00:00:00,1062.81,1064.00,1060.41,1066.27,1415577.43
2016-10-02 00:00:00,1065.38,1066.58,1063.98,1064.66,1331879.16
2016-10-03 00:00:00,1059.82,1066.28,1056.37,1060.04,1411981.89
2016-10-04 00:00:00,1058.30,1063.46,1049.43,1059.14,1224511.43
2016-10-05 00:00:00,1050.88,1052.53,1046.01,1049.32,1321559.50
2016-10-06 00:00:00,1049.81,1056.46,1045.42,1050.67,1354851.59
2016-10-07 00:00:00,1046.29,1050.73,1042.62,1045.98,1358617.03
2016-10-08 00:00:00,1037.12,1040.96,1033.70,1038.71,1469206.49
2016-10-09 00:00:00,1043.28,1046.51,1036.89,1040.53,1320724.39
2016-10-10 00:00:00,1035.43,1043.04,1029.92,1035.46,1187389.29
2016-10-11 00:00:00,1031.39,1033.33,1026.37,1032.60,1517012.84
2016-10-12 00:00:00,1032.17,1035.83,1030.32,1031.86,1592363.11
2016-10-13 00:00:00,1029.33,1037.10,1024.62,1028.21,1726806.73
2016-10-14 00:00:00,1025.14,1028.74,1024.14,1028.02,1350085.99
2016-10-15 00:00:00,1019.34,1021.37,1013.31,1022.52,1706547.18
2016-10-16 00:00:00,1012.66,1014.61,1009.75,1012.31,1281011.47
2016-10-17 00:00:00,1008.04,1013.78,997.76,1008.16,1396497.21
2016-10-18 00:00:00,1001.06,1005.89,997.72,1003.38,1569325.77
2016-10-19 00:00:00,998.65,1002.56,994.59,997.84,1637060.57
2016-10-20 00:00:00,992.90,995.04,988.89,992.00,1695697.97
2016-10-21 00:00:00,990.04,992.57,988.93,990.38,1327917.91
2016-10-22 00:00:00,984.70,986.70,980.13,984.24,1600428.93
2016-10-23 00:00:00,980.44,984.57,979.39,981.21,1362248.11
2016-10-24 00:00:00,976.37,979.35,974.64,973.42,1554862.97
2016-10-25 00:00:00,971.21,973.03,967.96,971.77,1279342.52
2016-10-26 00:00:00,966.55,970.74,960.23,965.26,1384448.18
2016-10-27 00:00:00,964.32,971.08,960.97,962.15,1831220.91
2016-10-28 00:00:00,958.50,961.57,957.04,960.23,1085407.05
2016-10-29 00:00:00,954.21,956.09,950.69,951.33,1358210.48
2016-10-30 00:00:00,949.08,951.39,940.24,945.81,1203785.05
2016-10-31 00:00:00,939.53,944.42,934.94,936.49,1662471.28
2016-11-01 00:00:00,931.67,937.13,929.81,930.35,1678765.84
2016-11-02 00:00:00,930.25,937.26,927.60,929.61,1794418.80
2016-11-03 00:00:00,930.47,932.49,926.06,928.37,1213794.76
2016-11-04 00:00:00,922.97,924.80,917.20,924.41,984286.20
2016-11-05 00:00:00,919.64,923.36,916.20,920.69,1253849.45
2016-11-06 00:00:00,919.06,924.24,916.89,916.62,1525615.96
2016-11-07 00:00:00,918.77,927.93,913.42,916.71,1396199.00
2016-11-08 00:00:00,911.71,915.15,903.72,910.45,1723556.79
2016-11-09 00:00:00,915.02,917.75,913.20,916.36,1183889.17
2016-11-10 00:00:00,911.74,915.96,909.81,911.01,1670842.40
2016-11-11 00:00:00,903.26,908.93,899.02,904.39,1500130.50
2016-11-12 00:00:00,904.61,909.58,899.56,906.28,1601291.03
2016-11-13 00:00:00,908.65,911.77,902.90,910.11,1411580.28
2016-11-14 00:00:00,911.26,913.75,906.61,911.06,1521623.53
2016-11-15 00:00:00,909.47,914.53,908.13,910.63,1619931.47
2016-11-16 00:00:00,906.32,911.02,899.43,907.34,1581152.81
2016-11-17 00:00:00,903.11,909.27,895.97,903.40,1809970.22
2016-11-18 00:00:00,899.71,902.87,895.81,901.03,1216991.00
2016-11-19 00:00:00,898.23,901.78,896.82,894.83,1801506.04
2016-11-20 00:00:00,894.25,897.21,887.29,894.20,1551299.07
2016-11-21 00:00:00,893.62,900.98,891.99,891.48,1517884.85
2016-11-22 00:00:00,891.35,892.46,887.75,889.74,1160610.94
2016-11-23 00:00:00,889.84,894.18,886.27,890.86,1715842.87
2016-11-24 00:00:00,886.48,888.88,883.90,887.49,1291999.75
2016-11-25 00:00:00,883.86,886.54,880.45,881.81,1497765.34
2016-11-26 00:00:00,877.89,879.99,871.76,877.54,1472584.22
2016-11-27 00:00:00,875.02,882.10,873.31,877.05,1752519.45
2016-11-28 00:00:00,884.56,886.74,882.76,882.36,1870396.99
2016-11-29 00:00:00,884.34,889.18,880.96,884.08,992425.27
2016-11-30 00:00:00,886.89,890.56,884.86,885.23,1673503.93
2016-12-01 00:00:00,885.25,887.05,879.82,883.00,1482108.09
2016-12-02 00:00:00,881.86,887.02,873.92,880.98,1486918.89
2016-12-03 00:00:00,880.99,887.87,876.88,880.61,1245096.77
2016-12-04 00:00:00,883.04,885.75,881.41,883.61,1863194.53
2016-12-05 00:00:00,882.62,885.95,879.30,884.68,1617628.21
2016-12-06 00:00:00,885.51,889.11,882.33,886.71,1521210.60
2016-12-07 00:00:00,885.77,888.66,883.17,884.81,1437580.67
2016-12-08 00:00:00,879.16,882.55,877.72,882.26,1143133.38
2016-12-09 00:00:00,882.32,885.69,878.53,883.29,1556638.13
2016-12-10 00:00:00,884.48,886.42,870.78,884.65,1518817.38
2016-12-11 00:00:00,882.11,888.41,879.02,882.91,1815852.68
2016-12-12 00:00:00,880.20,885.94,879.13,879.21,1599843.07
2016-12-13 00:00:00,881.61,884.71,874.32,881.64,1253387.18
2016-12-14 00:00:00,878.05,883.33,874.83,878.22,1521190.75
2016-12-15 00:00:00,877.76,882.68,874.83,875.54,1039718.46
2016-12-16 00:00:00,875.11,877.16,869.15,873.70,1704643.24
2016-12-17 00:00:00,872.81,880.69,867.91,872.00,1635725.59
2016-12-18 00:00:00,875.60,879.97,869.26,877.77,1498140.02
2016-12-19 00:00:00,872.97,876.20,870.57,871.37,1761183.48
2016-12-20 00:00:00,873.11,878.66,868.59,869.77,1590433.29
2016-12-21 00:00:00,870.05,874.50,866.41,870.36,1660235.93
2016-12-22 00:00:00,870.82,872.64,861.90,873.39,1289613.15
2016-12-23 00:00:00,868.93,875.35,866.18,868.66,1402371.35
2016-12-24 00:00:00,869.97,872.63,864.21,866.40,1021618.58
2016-12-25 00:00:00,863.61,869.51,858.86,863.57,1724298.76
2016-12-26 00:00:00,867.93,871.16,864.08,867.18,1112315.17
2016-12-27 00:00:00,870.52,871.96,866.01,870.93,1566729.09
2016-12-28 00:00:00,871.95,876.83,870.25,872.56,1650764.19
2016-12-29 00:00:00,872.48,877.81,869.78,874.96,1380890.12
2016-12-30 00:00:00,877.09,882.28,871.85,879.77,1556670.92
2016-12-31 00:00:00,884.66,891.07,880.35,885.28,1547036.71
2017-01-01 00:00:00,883.93,886.24,874.90,885.35,1669778.90
2017-01-02 00:00:00,889.55,895.95,886.13,889.23,1808721.18
2017-01-03 00:00:00,893.26,897.21,882.82,892.81,1286300.95
2017-01-04 00:00:00,893.83,898.72,887.05,894.38,1256846.42
2017-01-05 00:00:00,902.71,903.92,899.81,900.63,1073448.88
2017-01-06 00:00:00,898.68,903.50,892.99,896.38,1665399.77
2017-01-07 00:00:00,898.62,900.06,887.67,897.52,1694148.53
2017-01-08 00:00:00,900.14,901.74,893.39,900.39,1550740.91
2017-01-09 00:00:00,899.99,902.72,896.15,895.97,1371354.88
2017-01-10 00:00:00,895.00,900.87,891.12,894.90,1390646.14
2017-01-11 00:00:00,897.71,904.69,892.84,896.43,1730152.34
2017-01-12 00:00:00,899.05,901.81,893.43,900.16,1311437.60
2017-01-13 00:00:00,902.20,903.23,894.59,903.41,1596701.94
2017-01-14 00:00:00,905.07,908.16,898.52,902.16,1577868.94
2017-01-15 00:00:00,904.66,907.27,895.67,902.48,1607563.08
2017-01-16 00:00:00,904.20,907.77,899.49,904.74,1469830.30
2017-01-17 00:00:00,905.63,908.65,904.03,906.20,1374732.94
2017-01-18 00:00:00,912.60,915.95,910.93,909.49,1300205.94
2017-01-19 00:00:00,913.71,917.61,911.85,912.36,1570726.84
2017-01-20 00:00:00,910.87,916.15,899.35,910.10,1340551.88
2017-01-21 00:00:00,915.51,917.30,909.56,918.40,1590952.50
2017-01-22 00:00:00,915.04,919.06,912.04,915.84,1575927.71
2017-01-23 00:00:00,913.45,917.58,908.39,912.74,1551481.02
2017-01-24 00:00:00,913.98,921.25,908.42,911.34,1274855.11
2017-01-25 00:00:00,916.45,917.90,912.94,916.50,1746110.45
2017-01-26 00:00:00,920.51,924.66,916.80,921.73,1177957.12
2017-01-27 00:00:00,922.73,926.27,918.63,920.86,1098478.98
2017-01-28 00:00:00,926.34,928.19,924.63,927.34,1713036.24
2017-01-29 00:00:00,933.14,935.87,931.39,931.33,1646558.82
2017-01-30 00:00:00,933.22,937.85,928.91,934.78,1607233.12
2017-01-31 00:00:00,936.90,942.87,934.58,940.26,1413219.54
2017-02-01 00:00:00,940.12,943.59,932.42,938.03,1016825.46
2017-02-02 00:00:00,938.11,939.50,936.53,937.58,1399465.35
2017-02-03 00:00:00,937.59,941.90,935.15,938.73,1182933.93
2017-02-04 00:00:00,945.45,948.22,942.24,944.89,1550961.05
2017-02-05 00:00:00,943.52,950.85,936.86,943.04,1236252.63
2017-02-06 00:00:00,944.15,947.51,941.57,942.56,1532173.33
2017-02-07 00:00:00,941.99,948.33,937.21,943.32,1358424.23
2017-02-08 00:00:00,946.02,951.46,936.65,946.43,1781244.85
2017-02-09 00:00:00,953.97,958.78,951.87,956.06,1741167.74
2017-02-10 00:00:00,952.68,961.71,951.06,953.67,1475086.01
2017-02-11 00:00:00,954.85,960.96,947.94,953.66,1531539.50
2017-02-12 00:00:00,952.37,960.31,945.75,950.23,1322037.69
2017-02-13 00:00:00,949.29,955.40,939.00,949.81,1432789.33
2017-02-14 00:00:00,954.21,958.83,947.85,954.13,1584111.39
2017-02-15 00:00:00,954.31,956.13,946.83,954.35,1678050.47
2017-02-16 00:00:00,951.07,956.10,948.16,950.45,1481945.10
2017-02-17 00:00:00,952.60,954.74,951.46,949.24,1562740.29
2017-02-18 00:00:00,955.17,957.20,947.07,955.63,1595069.47
2017-02-19 00:00:00,955.00,956.30,948.89,958.23,1525300.74
2017-02-20 00:00:00,962.11,963.77,959.47,964.88,1692491.82
2017-02-21 00:00:00,969.10,972.21,962.23,971.18,1241664.49
2017-02-22 00:00:00,976.84,978.52,974.73,972.81,1207370.35
2017-02-23 00:00:00,978.19,982.25,973.94,975.53,1204951.01
2017-02-24 00:00:00,983.69,988.33,982.18,984.14,1358280.96
2017-02-25 00:00:00,987.65,993.37,984.99,988.62,1161556.71
2017-02-26 00:00:00,996.49,1001.51,995.37,995.82,1782200.97
2017-02-27 00:00:00,996.78,999.26,994.53,994.94,1707766.90
2017-02-28 00:00:00,996.19,999.05,993.80,995.93,1465789.89
2017-03-01 00:00:00,996.47,1000.40,995.12,998.19,1649364.60
2017-03-02 00:00:00,1004.38,1007.35,1000.73,1004.03,1495524.64
2017-03-03 00:00:00,1004.42,1007.32,1000.90,1003.74,1354105.12
2017-03-04 00:00:00,1008.83,1011.26,1002.96,1009.05,1725644.05
2017-03-05 00:00:00,1014.90,1018.04,1009.45,1014.16,1768815.68
2017-03-06 00:00:00,1018.97,1029.14,1014.53,1014.53,1886513.77
2017-03-07 00:00:00,1019.65,1022.23,1018.23,1020.98,1401316.87
2017-03-08 00:00:00,1024.96,1026.48,1022.96,1028.01,1092247.09
2017-03-09 00:00:00,1030.76,1037.33,1029.03,1029.34,2009255.85
2017-03-10 00:00:00,1030.42,1031.97,1026.94,1032.20,1397971.08
2017-03-11 00:00:00,1032.86,1041.34,1028.74,1033.40,1982476.43
2017-03-12 00:00:00,1034.13,1038.38,1029.96,1036.54,1376235.56
2017-03-13 00:00:00,1042.75,1046.27,1034.50,1041.15,1557428.78
2017-03-14 00:00:00,1047.38,1053.59,1044.92,1048.75,971114.97
2017-03-15 00:00:00,1052.20,1053.35,1049.96,1050.87,1675945.35
2017-03-16 00:00:00,1056.95,1065.81,1055.17,1055.36,1877049.58
2017-03-17 00:00:00,1057.07,1060.15,1050.52,1057.91,1621139.69
2017-03-18 00:00:00,1063.12,1065.01,1059.95,1064.23,1602877.09
2017-03-19 00:00:00,1070.45,1074.86,1068.70,1069.38,1660590.83
2017-03-20 00:00:00,1070.34,1071.93,1066.47,1074.60,1305765.63
2017-03-21 00:00:00,1079.29,1083.00,1074.79,1079.21,1516778.14
2017-03-22 00:00:00,1081.32,1093.19,1077.26,1084.05,1336749.89
2017-03-23 00:00:00,1087.16,1098.71,1082.29,1086.15,1449587.80
2017-03-24 00:00:00,1082.86,1087.34,1076.15,1083.95,1450580.99
2017-03-25 00:00:00,1080.26,1084.50,1075.38,1079.54,1689342.79
2017-03-26 00:00:00,1084.02,1088.67,1081.89,1084.39,1332973.36
2017-03-27 00:00:00,1084.02,1086.65,1073.80,1083.95,1542058.73
2017-03-28 00:00:00,1083.50,1085.54,1081.69,1082.75,1368837.16
2017-03-29 00:00:00,1085.32,1088.57,1079.36,1089.42,1347732.53
2017-03-30 00:00:00,1091.05,1093.79,1087.72,1089.52,1385832.55
2017-03-31 00:00:00,1094.00,1101.56,1084.14,1094.61,1439179.05
2017-04-01 00:00:00,1096.88,1102.17,1088.67,1096.71,1412982.57
2017-04-02 00:00:00,1104.70,1109.83,1102.92,1105.57,1433568.35
2017-04-03 00:00:00,1107.21,1109.09,1105.02,1109.40,1895507.20
2017-04-04 00:00:00,1105.60,1115.89,1100.50,1105.63,1413990.54
2017-04-05 00:00:00,1102.75,1108.52,1097.37,1104.05,1417054.56
2017-04-06 00:00:00,1101.89,1104.56,1098.94,1100.02,1671878.89
2017-04-07 00:00:00,1108.15,1111.11,1105.42,1106.68,1292126.39
2017-04-08 00:00:00,1108.17,1109.45,1107.13,1107.78,1998348.55
2017-04-09 00:00:00,1112.20,1117.11,1106.40,1108.72,1298091.07
2017-04-10 00:00:00,1113.17,1115.31,1109.39,1114.34,1609842.57
2017-04-11 00:00:00,1118.16,1119.22,1117.02,1115.53,1130955.76
2017-04-12 00:00:00,1115.81,1119.96,1111.53,1115.46,1405190.98
2017-04-13 00:00:00,1114.24,1115.65,1111.90,1113.26,1663813.81
2017-04-14 00:00:00,1116.89,1119.45,1114.40,1117.72,1636497.73
